 -0.0355023    0.099997           0           0           0 -0.00456208           0
 0.00449774        -0.1           0           0           0 3.73399e-16         120
   0.244498         0.1           0           0           0 3.73399e-16         240
   0.484498        -0.1           0           0           0 3.73399e-16         360
   0.724498         0.1           0           0           0 3.73399e-16         480
   0.964498        -0.1           0           0           0 3.73399e-16         600
     1.2045         0.1           0           0           0 3.73399e-16         720
     1.4445        -0.1           0           0           0 3.73399e-16         840
     1.6845         0.1           0           0           0 3.73399e-16         960
     1.9245        -0.1           0           0           0 3.73399e-16        1080
     2.1645         0.1           0           0           0 3.73399e-16        1200
     2.4045        -0.1           0           0           0 3.73399e-16        1320
     2.6445         0.1           0           0           0 3.73399e-16        1440
     2.8845        -0.1           0           0           0 3.73399e-16        1560
     3.1245         0.1           0           0           0 3.73399e-16        1680
     3.3645        -0.1           0           0           0 3.73399e-16        1800
     3.6045         0.1           0           0           0 3.73399e-16        1920
     3.8445        -0.1           0           0           0 3.73399e-16        2040
     4.0845         0.1           0           0           0 3.73399e-16        2160
     4.3245        -0.1           0           0           0 3.73399e-16        2280
     4.5645         0.1           0           0           0 3.73399e-16        2400
     4.8045        -0.1           0           0           0 3.73399e-16        2520
     5.0445         0.1           0           0           0 3.73399e-16        2640
     5.2845        -0.1           0           0           0 3.73399e-16        2760
     5.5245         0.1           0           0           0 3.73399e-16        2880
     5.7645        -0.1           0           0           0 3.73399e-16        3000
     6.0045         0.1           0           0           0 3.73399e-16        3120
     6.2445        -0.1           0           0           0 3.73399e-16        3240
     6.4845         0.1           0           0           0 3.73399e-16        3360
     6.7245        -0.1           0           0           0 3.73399e-16        3480
     6.9645         0.1           0           0           0 3.73399e-16        3600
     7.2045        -0.1           0           0           0 3.73399e-16        3720
     7.4445         0.1           0           0           0 3.73399e-16        3840
     7.6845        -0.1           0           0           0 3.73399e-16        3960
     7.9245         0.1           0           0           0 3.73399e-16        4080
     8.1645        -0.1           0           0           0 3.73399e-16        4200
     8.4045         0.1           0           0           0 3.73399e-16        4320
     8.6445        -0.1           0           0           0 3.73399e-16        4440
     8.8845         0.1           0           0           0 3.73399e-16        4560
     9.1245        -0.1           0           0           0 3.73399e-16        4680
     9.3645         0.1           0           0           0 3.73399e-16        4800
     9.6045        -0.1           0           0           0 3.73399e-16        4920
