-0.0355023   0.099997  0.0273009
-0.0431171  0.0999019  0.0265469
-0.0496831  0.0997995  0.0252251
-0.0546989   0.100005  0.0268002
-0.0586814   0.100195  0.0279538
-0.0618431   0.100369  0.0287936
-0.0643512   0.100529  0.0293974
-0.0663322   0.100681  0.0298226
-0.0663012   0.100765  0.0299804
-0.0662715   0.100849  0.0300911
-0.0662427   0.100933  0.0301688
-0.0662147   0.101017  0.0302218
-0.0661875   0.101102  0.0302557
-0.0661609   0.101186  0.0302745
-0.066135  0.101269 0.0302812
-0.0661095   0.101352  0.0302779
-0.0660845   0.101434   0.030266
-0.0660577   0.101512   0.030246
-0.0660299   0.101593  0.0302191
-0.0659984   0.101685  0.0301849
-0.0659618   0.101791  0.0301425
-0.0659267   0.101894  0.0300916
-0.0658997   0.101975  0.0300316
-0.0658811   0.102034   0.029962
-0.0658672   0.102081   0.029883
-0.0658568   0.102119  0.0297945
-0.0658494    0.10215  0.0296962
-0.0658444   0.102176  0.0295881
-0.0658413   0.102196  0.0294703
-0.0658399   0.102214  0.0293424
-0.0658397   0.102228  0.0292044
-0.0658406   0.102239   0.029056
-0.0658423   0.102249  0.0288973
-0.0658446   0.102258  0.0287278
-0.0658475   0.102265  0.0285476
-0.0658508   0.102271  0.0283564
-0.0658554   0.102274   0.028154
-0.0658601   0.102276    0.02794
-0.0658648   0.102278  0.0277143
-0.0658694   0.102279  0.0274765
-0.0658738   0.102281  0.0272264
-0.065878  0.102283 0.0269637
-0.0658818   0.102284  0.0266881
-0.0658852   0.102285  0.0263992
-0.0658879   0.102286  0.0261116
-0.0658903   0.102288  0.0257906
-0.0658921   0.102289  0.0254519
-0.0658934   0.102289  0.0250791
-0.0658931    0.10229  0.0247931
-0.0658923    0.10229  0.0250961
-0.0658924   0.102289   0.025388
-0.0658934   0.102289  0.0256691
-0.0658952   0.102289  0.0259395
-0.0658976   0.102289  0.0261996
-0.0659007   0.102289  0.0264495
-0.0659043   0.102289  0.0266896
-0.0659083   0.102289  0.0269199
-0.0659127   0.102289  0.0271407
-0.0659175   0.102289  0.0273522
-0.0659225    0.10229  0.0275547
-0.0659278    0.10229  0.0277482
-0.0659331   0.102291  0.0279329
-0.0659386   0.102292   0.028109
-0.0659442   0.102292  0.0282767
-0.0659498   0.102293  0.0284361
-0.0659554   0.102294  0.0285874
-0.0659609   0.102295  0.0287307
-0.0659663   0.102296  0.0288661
-0.0659717   0.102297  0.0289937
-0.0659769   0.102298  0.0291138
-0.0659819   0.102298  0.0292262
-0.0659867   0.102299  0.0293313
-0.0659913     0.1023   0.029429
-0.0659956   0.102301  0.0295195
-0.0659997   0.102302  0.0296028
-0.0660035   0.102303   0.029679
-0.0660071   0.102304  0.0297483
-0.0660104   0.102305  0.0298106
-0.0660135   0.102306   0.029866
-0.0660162   0.102307  0.0299147
-0.0660186   0.102308  0.0299566
-0.0660206   0.102309  0.0299918
-0.0660223   0.102309  0.0300204
-0.0660237    0.10231  0.0300424
-0.0660247   0.102311  0.0300578
-0.0660253   0.102312  0.0300667
-0.0660255   0.102312  0.0300691
-0.0660253   0.102313   0.030065
-0.0660249   0.102314   0.030055
-0.0660241   0.102314  0.0300392
-0.066023  0.102315 0.0300176
-0.0660216   0.102316  0.0299901
-0.0660199   0.102316  0.0299567
-0.0660178   0.102317  0.0299174
-0.0660155   0.102317  0.0298722
-0.0660129   0.102318   0.029821
 -0.06601  0.102318 0.0297637
-0.0660069   0.102318  0.0297002
-0.0660034   0.102319  0.0296305
-0.0659997   0.102319  0.0295543
-0.0659957   0.102319  0.0294716
-0.0659914    0.10232  0.0293823
-0.0659869    0.10232  0.0292863
-0.0659822    0.10232  0.0291833
-0.0659772    0.10232  0.0290733
-0.0659721    0.10232   0.028956
-0.0659667    0.10232  0.0288314
-0.0659612   0.102319  0.0286993
-0.0659555   0.102319  0.0285595
-0.0659497   0.102319  0.0284118
-0.0659439   0.102318   0.028256
-0.0659379   0.102318  0.0280919
-0.0659319   0.102317  0.0279193
-0.065926  0.102317 0.0277381
 -0.06592  0.102316 0.0275479
-0.0659142   0.102315  0.0273485
-0.0659086   0.102314  0.0271393
-0.0659032   0.102314  0.0269199
-0.0658981   0.102313  0.0266901
-0.0658933   0.102312  0.0264491
-0.0658891   0.102311  0.0261975
-0.065882  0.102287 0.0249723
-0.0652472    0.10227  0.0252495
-0.0641367    0.10224  0.0256983
-0.062644  0.102201 0.0262686
-0.0608435   0.102157   0.026913
-0.058773  0.102087 0.0279864
-0.0565001   0.102012   0.029106
-0.0540644   0.101933  0.0302523
-0.0514978   0.101852    0.03141
-0.048826  0.101769 0.0325671
-0.0460697   0.101685  0.0337141
-0.0432457   0.101601  0.0348437
-0.0403676   0.101518  0.0359505
-0.0374463   0.101434  0.0370302
-0.0344907   0.101351  0.0380797
-0.0315081   0.101268  0.0390968
-0.0285042   0.101186  0.0400798
-0.025484  0.101105 0.0410277
-0.0224513   0.101024  0.0419398
-0.0194093   0.100944  0.0428159
-0.0163607   0.100865  0.0436559
-0.0133075   0.100786  0.0444601
-0.010252  0.100708 0.0452274
-0.0071934   0.100632  0.0459587
-0.00413752    0.100557   0.0466546
-0.00108271    0.100482   0.0473156
0.00196784   0.100408  0.0479418
0.00501577   0.100335  0.0485337
0.0080605  0.100264 0.0490923
0.0111015  0.100193 0.0496185
0.0141385  0.100123 0.0501131
0.017171 0.100055 0.050577
0.0201988 0.0999875 0.0510113
0.0232217 0.0999214 0.0514167
0.0262394 0.0998565 0.0517944
0.0292519 0.0997928 0.0521454
 0.032259 0.0997305 0.0524705
0.0352606 0.0996695 0.0527709
0.0382566 0.0996099 0.0530476
0.0412472 0.0995517 0.0533016
0.0442322  0.099495  0.053534
0.0472116 0.0994398  0.053746
0.0501856 0.0993861 0.0539386
0.0531542  0.099334 0.0541129
0.0561175 0.0992835   0.05427
0.0590758 0.0992346 0.0544112
0.0620295 0.0991872 0.0545372
0.0649704 0.0991258 0.0536729
0.0678961 0.0991997 0.0542727
0.0708217 0.0992764 0.0548192
0.0737505 0.0993566 0.0553124
0.0766828 0.0994405 0.0557521
0.0796186 0.0995281 0.0561378
0.0825616 0.0996197 0.0564697
0.0855088 0.0997147 0.0567469
0.0884601 0.0998133 0.0569706
0.0914154 0.0999155 0.0571404
0.0943747  0.100022 0.0572559
0.0973501  0.100121 0.0573164
0.100362 0.100195 0.057321
 0.103409  0.100259 0.0572841
 0.106465  0.100315 0.0572044
 0.109531  0.100365 0.0570813
 0.112605   0.10041 0.0569145
 0.115686  0.100449 0.0567034
 0.118775  0.100485 0.0564477
 0.121869  0.100518 0.0561468
 0.124968  0.100548 0.0558001
 0.128074  0.100575 0.0554073
 0.131185  0.100599 0.0549677
 0.134301   0.10062 0.0544808
 0.137424  0.100637 0.0539462
 0.140549  0.100654 0.0533639
 0.143677  0.100671 0.0527334
 0.146808  0.100687 0.0520533
 0.149943  0.100701 0.0513221
0.153081 0.100715 0.050539
  0.15622   0.10073 0.0497031
 0.159359  0.100747 0.0488136
 0.162499  0.100766 0.0478699
 0.165641  0.100785 0.0468711
 0.168784  0.100803 0.0458164
  0.17193  0.100818 0.0447047
 0.175079  0.100831 0.0435347
  0.17823   0.10084 0.0423049
 0.181383  0.100846 0.0410155
 0.184538   0.10085 0.0396656
0.187692 0.100853 0.038254
 0.190847  0.100854 0.0367786
 0.194001  0.100854 0.0352369
 0.197123  0.100852 0.0336389
 0.199634  0.100837 0.0322296
 0.201632  0.100757 0.0300613
 0.203241  0.100745 0.0293449
 0.204534   0.10073 0.0287589
 0.205573   0.10071 0.0282738
 0.20641 0.100686 0.027858
 0.207084  0.100654 0.0274064
 0.207627  0.100643 0.0272047
 0.208066  0.100632 0.0270551
 0.208421  0.100622 0.0269473
 0.208709  0.100613 0.0268725
 0.208944  0.100604 0.0268243
 0.209106  0.100572 0.0258321
 0.209261  0.100565 0.0258276
 0.209387  0.100559 0.0258331
 0.209492  0.100553 0.0258448
0.209578 0.100549 0.025859
  0.20965  0.100544 0.0258721
 0.20971 0.100539 0.025881
 0.209761  0.100536 0.0258825
 0.209804  0.100532 0.0258737
0.209842 0.100529 0.025852
 0.209846  0.100535 0.0258866
 0.209857  0.100548 0.0258813
 0.209868  0.100554 0.0259113
 0.209873  0.100567 0.0258993
 0.209879  0.100574 0.0259247
  0.20988  0.100586 0.0259049
 0.209884  0.100593 0.0259257
 0.209882  0.100605 0.0259004
 0.209879   0.10062 0.0259075
 0.209759  0.100681 0.0248933
 0.209764  0.100684 0.0249299
 0.209768  0.100687 0.0249581
 0.209772   0.10069 0.0249842
 0.209775  0.100692 0.0250085
0.209779 0.100695 0.025031
0.209782 0.100697 0.025052
 0.209784  0.100699 0.0250716
0.209787 0.100702  0.02509
 0.209789  0.100703 0.0251071
 0.209791  0.100705 0.0251231
 0.209792  0.100707 0.0251382
 0.209794  0.100709 0.0251522
 0.209795   0.10071 0.0251653
 0.209797  0.100712 0.0251772
 0.209798  0.100713 0.0251875
 0.209799  0.100715 0.0251955
   0.2098  0.100717 0.0252007
 0.209801  0.100718 0.0252036
0.209802 0.100719 0.025204
 0.209802   0.10072 0.0252019
 0.209803  0.100721 0.0251968
 0.209804  0.100722 0.0251887
 0.209804  0.100723 0.0251771
 0.209805  0.100724 0.0251619
 0.209805  0.100725 0.0251432
 0.209806  0.100726 0.0251196
 0.209806  0.100727 0.0250908
 0.209807  0.100728 0.0250557
0.209807 0.100728 0.025014
 0.209832   0.10076 0.0239897
 0.209832  0.100761 0.0240221
 0.209833  0.100762 0.0240448
 0.209833  0.100763 0.0240636
 0.209834  0.100764 0.0240782
 0.209834  0.100764 0.0240917
0.209835 0.100765 0.024105
 0.209835  0.100766 0.0241178
 0.209836  0.100766 0.0241303
 0.209836  0.100767 0.0241425
 0.209837  0.100767 0.0241543
 0.209837  0.100768 0.0241659
 0.209838  0.100768 0.0241771
0.209838 0.100768 0.024188
 0.209838  0.100769 0.0241987
 0.209838  0.100769 0.0242091
 0.209839  0.100769 0.0242192
 0.209839  0.100769 0.0242292
 0.209839  0.100769 0.0242389
 0.209839  0.100769 0.0242485
  0.20984   0.10077 0.0242579
  0.20984   0.10077 0.0242671
  0.20984   0.10077 0.0242762
  0.20984   0.10077 0.0242852
  0.20984   0.10077 0.0242941
  0.20984   0.10077 0.0243029
  0.20984   0.10077 0.0243117
 0.209841   0.10077 0.0243203
0.209841  0.10077 0.024329
 0.209841   0.10077 0.0243376
 0.209841   0.10077 0.0243462
 0.209841   0.10077 0.0243548
 0.209841   0.10077 0.0243634
 0.209841   0.10077 0.0243721
 0.209842   0.10077 0.0243808
 0.209842   0.10077 0.0243895
 0.209842  0.100769 0.0243984
 0.209842  0.100769 0.0244074
 0.209842  0.100769 0.0244164
 0.209842  0.100769 0.0244257
0.209842 0.100769 0.024435
 0.209842  0.100769 0.0244446
 0.209842  0.100769 0.0244544
 0.209842  0.100769 0.0244644
 0.209842  0.100769 0.0244747
 0.209842  0.100769 0.0244853
 0.209842  0.100769 0.0244963
 0.209842  0.100769 0.0245076
 0.209842   0.10077 0.0245193
 0.209842   0.10077 0.0245315
 0.209841   0.10077 0.0245442
 0.209841   0.10077 0.0245575
 0.209841  0.100771 0.0245713
  0.20984  0.100771 0.0245857
 0.209839  0.100772 0.0246007
 0.209839  0.100772 0.0246163
 0.209838  0.100773 0.0246325
 0.209837  0.100774 0.0246493
 0.209836  0.100775 0.0246667
0.209833 0.100772 0.024692
 0.209829  0.100768 0.0247188
 0.209823  0.100759 0.0247434
 0.209816  0.100748 0.0247645
 0.209808  0.100735 0.0247858
 0.209798   0.10072 0.0248085
0.209787 0.100704 0.024833
 0.209776  0.100686 0.0248596
 0.209765  0.100668 0.0248888
 0.209754  0.100649 0.0249213
 0.209742   0.10063 0.0249587
 0.209731   0.10061 0.0250025
 0.209719   0.10059 0.0250536
 0.209707  0.100569 0.0251136
0.209695 0.100548 0.025184
 0.209684  0.100528 0.0252664
 0.209691  0.100478 0.0243824
 0.209679  0.100458 0.0245036
 0.209606  0.100463 0.0247994
 0.209555  0.100474 0.0250064
 0.209514  0.100483 0.0251557
 0.209475  0.100483 0.0252469
 0.209444  0.100483 0.0253051
 0.209419  0.100483 0.0253608
 0.209419  0.100481 0.0254066
0.209406 0.100484  0.02556
 0.209399  0.100489 0.0256947
 0.209396  0.100496 0.0258112
 0.209396  0.100503 0.0259051
 0.209397   0.10051 0.0259709
0.210485 0.100485 0.026303
 0.212389  0.100431 0.0268173
 0.214855  0.100303 0.0265499
  0.21802  0.100301 0.0274428
 0.221617    0.1003 0.0284245
  0.22556    0.1003 0.0294666
  0.22978  0.100301 0.0305471
 0.234222  0.100304 0.0316493
 0.238841  0.100309 0.0327606
 0.243603  0.100316 0.0338711
 0.248479  0.100324 0.0349737
 0.253445  0.100334 0.0360628
 0.258484  0.100345 0.0371343
0.263582 0.100357 0.038185
 0.268727  0.100371 0.0392128
 0.273908  0.100385 0.0402157
  0.27912    0.1004 0.0411922
 0.284356  0.100416 0.0421414
 0.289611  0.100432 0.0430625
0.294882 0.100449 0.043955
 0.300165  0.100466 0.0448181
 0.305458  0.100484 0.0456515
 0.310759  0.100503 0.0464548
 0.316067  0.100522 0.0472276
 0.321379  0.100541 0.0479704
 0.326696  0.100561 0.0486833
 0.332016  0.100581 0.0493661
 0.337339  0.100601 0.0500188
 0.342664  0.100622 0.0506413
 0.347991  0.100642 0.0512336
 0.353319  0.100664 0.0517957
 0.358648  0.100685 0.0523275
 0.363978  0.100707 0.0528289
 0.369309  0.100729 0.0533001
 0.374641  0.100751 0.0537409
 0.379973  0.100774 0.0541509
 0.385305  0.100797 0.0545295
 0.390638  0.100821 0.0548764
0.395971 0.100845 0.055191
 0.401304  0.100871 0.0554696
 0.406638  0.100898 0.0557116
 0.411972  0.100926 0.0559167
 0.417305  0.100955 0.0560845
 0.422639  0.100986 0.0562145
 0.427973  0.101018 0.0563066
 0.433307  0.101052 0.0563605
 0.438641  0.101087 0.0563761
 0.443975  0.101124 0.0563531
  0.44931  0.101162 0.0562915
 0.454644  0.101202 0.0561911
 0.459978  0.101243 0.0560519
 0.465312  0.101285 0.0558737
 0.470646  0.101328 0.0556562
  0.47598  0.101373 0.0553992
 0.481313  0.101419 0.0551024
 0.486647  0.101466 0.0547653
 0.491981  0.101514 0.0543874
 0.497315  0.101563 0.0539676
 0.502648  0.101613 0.0535041
 0.507981  0.101665 0.0529841
 0.513316  0.101714 0.0525263
 0.518651  0.101762 0.0520446
0.523986 0.101808 0.051539
 0.529321  0.101852 0.0510096
 0.534656  0.101894 0.0504562
0.539991 0.101934 0.049879
0.545326 0.101973 0.049278
 0.550661   0.10201 0.0486532
 0.555995  0.102045 0.0480048
  0.56133  0.102079 0.0473326
 0.566665  0.102111 0.0466369
 0.571999  0.102141 0.0459176
 0.577334  0.102169 0.0451749
 0.582668  0.102196 0.0444089
 0.588004  0.102221 0.0436174
 0.593301  0.102224 0.0418175
 0.598635  0.102246 0.0409917
 0.603969  0.102267 0.0401431
 0.609302  0.102286 0.0392717
 0.614636  0.102305 0.0383778
 0.619969  0.102322 0.0374615
 0.625302  0.102338 0.0365227
 0.630635  0.102353 0.0355606
 0.635967  0.102368 0.0345747
   0.6413  0.102382 0.0335638
 0.646632  0.102396 0.0325269
 0.651963  0.102409 0.0314627
 0.657294  0.102423 0.0303701
 0.662624  0.102438 0.0292478
 0.667901  0.102451 0.0281097
 0.672127  0.102457 0.0272341
 0.675512  0.102456 0.0265656
 0.678225   0.10245 0.0260586
0.680401 0.102441 0.025676
 0.680422  0.102477 0.0258058
0.680437 0.102433 0.025865
  0.68044   0.10242 0.0258658
 0.680439  0.102418 0.0258703
 0.680434  0.102412 0.0258779
 0.680426  0.102402 0.0258833
 0.680415  0.102399 0.0258335
 0.680776  0.102391 0.0261847
0.681063 0.102386 0.026439
 0.681289  0.102387 0.0265908
   0.6815  0.102427 0.0257578
 0.681625  0.102442 0.0257996
  0.68168   0.10248 0.0258026
 0.681724  0.102518 0.0257605
 0.681743  0.102536 0.0257587
 0.681756  0.102571 0.0256799
 0.681776   0.10258 0.0256882
 0.681797  0.102599 0.0256688
 0.681781  0.102643 0.0255362
0.681794 0.102607 0.025634
 0.681807  0.102571 0.0257143
  0.68182  0.102537 0.0257791
 0.681833  0.102503 0.0258288
 0.681847   0.10247 0.0258638
 0.681862  0.102439 0.0258838
 0.681876  0.102418 0.0258894
 0.681882  0.102403 0.0258778
  0.68188  0.102401 0.0258564
 0.681874  0.102407 0.0258277
 0.681863  0.102419 0.0257923
 0.681849  0.102436 0.0257504
 0.681833  0.102458 0.0257021
 0.681814  0.102484 0.0256473
 0.681801  0.102571 0.0246166
   0.6818  0.102571 0.0246415
   0.6818  0.102571 0.0246623
   0.6818  0.102571 0.0246789
 0.681799  0.102571 0.0246915
0.681799 0.102571 0.024701
 0.681799  0.102571 0.0247091
 0.681798  0.102571 0.0247177
 0.681798   0.10257 0.0247264
 0.681798   0.10257 0.0247349
 0.681798   0.10257 0.0247432
 0.681798   0.10257 0.0247512
 0.681798   0.10257 0.0247591
 0.681798   0.10257 0.0247667
 0.681798   0.10257 0.0247742
 0.681798   0.10257 0.0247816
 0.681798   0.10257 0.0247888
 0.681797   0.10257 0.0247958
 0.681797   0.10257 0.0248028
 0.681797   0.10257 0.0248096
 0.681797   0.10257 0.0248163
0.681797  0.10257 0.024823
 0.681797   0.10257 0.0248295
0.681797  0.10257 0.024836
 0.681797   0.10257 0.0248423
 0.681797   0.10257 0.0248486
 0.681797   0.10257 0.0248546
 0.681797   0.10257 0.0248605
 0.681798   0.10257 0.0248661
 0.681798   0.10257 0.0248714
 0.681798   0.10257 0.0248764
 0.681798   0.10257 0.0248811
 0.681798   0.10257 0.0248857
 0.681798   0.10257 0.0248902
 0.681798   0.10257 0.0248946
0.681798  0.10257 0.024899
 0.681798   0.10257 0.0249034
 0.681798   0.10257 0.0249077
0.681798  0.10257 0.024912
 0.681798   0.10257 0.0249162
 0.681798   0.10257 0.0249205
 0.681798   0.10257 0.0249247
 0.681798   0.10257 0.0249289
 0.681798   0.10257 0.0249331
 0.681799   0.10257 0.0249373
 0.681799   0.10257 0.0249415
 0.681799   0.10257 0.0249458
0.681799  0.10257  0.02495
 0.681799   0.10257 0.0249542
 0.681799   0.10257 0.0249585
 0.681799   0.10257 0.0249628
 0.681799   0.10257 0.0249671
 0.681799   0.10257 0.0249715
  0.6818  0.10257 0.024976
   0.6818   0.10257 0.0249805
   0.6818   0.10257 0.0249851
   0.6818   0.10257 0.0249899
   0.6818   0.10257 0.0249947
   0.6818   0.10257 0.0249996
   0.6818   0.10257 0.0250047
   0.6818   0.10257 0.0250099
 0.681801   0.10257 0.0250153
 0.681801   0.10257 0.0250211
 0.681801   0.10257 0.0250271
 0.681801   0.10257 0.0250332
 0.681801   0.10257 0.0250396
 0.681801   0.10257 0.0250463
 0.681801   0.10257 0.0250532
 0.681801   0.10257 0.0250605
 0.681801   0.10257 0.0250681
 0.681801  0.102571 0.0250757
 0.681801  0.102571 0.0250832
   0.6818  0.102571 0.0250911
   0.6818  0.102571 0.0250995
   0.6818  0.102571 0.0251069
 0.681799  0.102571 0.0251133
 0.681799  0.102572 0.0251189
0.681798 0.102572 0.025123
 0.681797  0.102572 0.0251249
 0.681797  0.102575 0.0251234
0.681796 0.102579 0.025116
 0.681795  0.102584 0.0250986
 0.681763  0.102644 0.0240885
 0.681761  0.102644 0.0241244
  0.68176  0.102645 0.0241593
 0.681758  0.102645 0.0241935
 0.681756  0.102645 0.0242275
 0.681754  0.102646 0.0242614
 0.681751  0.102646 0.0242956
 0.681749  0.102646 0.0243303
 0.681746  0.102646 0.0243658
 0.681743  0.102645 0.0244023
0.681739 0.102642  0.02444
 0.681735   0.10264 0.0244792
 0.681731  0.102637 0.0245209
 0.681726  0.102633 0.0245666
 0.681722  0.102629 0.0246178
 0.681717  0.102624 0.0246763
0.681712 0.102618 0.024744
 0.681708  0.102612 0.0248224
 0.681703  0.102606 0.0249135
 0.681699  0.102599 0.0250193
 0.681695  0.102592 0.0251417
 0.681692  0.102583 0.0252827
0.681688 0.102574 0.025444
 0.681685  0.102564 0.0256272
 0.681683  0.102553 0.0258336
 0.681655  0.102538 0.0263971
 0.681633  0.102526 0.0268965
 0.681617  0.102516 0.0273346
 0.681605  0.102509 0.0277138
 0.681597  0.102505 0.0280362
 0.681592  0.102503 0.0283037
 0.682678  0.102467 0.0288002
 0.684585  0.102404 0.0294653
 0.687152  0.102321 0.0302628
 0.690247  0.102224 0.0311553
0.693766 0.102117  0.03211
 0.697625  0.102005 0.0330993
 0.701754  0.101891 0.0341003
   0.7061  0.101778 0.0350944
  0.71062  0.101668 0.0360671
 0.715278  0.101563 0.0370066
0.720047 0.101464 0.037904
 0.724904  0.101372 0.0387524
 0.729832  0.101288 0.0395464
 0.734816  0.101212 0.0402818
 0.739844  0.101146 0.0409554
 0.744942  0.101075 0.0406327
 0.75009 0.101067 0.041417
0.755261 0.101063 0.042187
 0.760451  0.101065 0.0429408
 0.765657  0.101073 0.0436768
 0.770874  0.101085 0.0443907
   0.7761  0.101102 0.0450797
 0.781334  0.101124 0.0457436
 0.786573   0.10115 0.0463824
 0.791817  0.101181 0.0469959
0.797064 0.101216 0.047584
 0.802314  0.101256 0.0481467
 0.807566    0.1013 0.0486839
  0.81282  0.101349 0.0491958
 0.818075  0.101402 0.0496823
 0.823332  0.101459 0.0501435
 0.828589  0.101521 0.0505794
 0.833847  0.101587 0.0509898
 0.839105  0.101657 0.0513747
0.844363 0.101732 0.051734
 0.849623  0.101811 0.0520677
  0.85488  0.101892 0.0523748
 0.860136  0.101977 0.0526553
 0.865392  0.102066 0.0529096
 0.870648  0.102159 0.0531378
 0.875903  0.102255 0.0533402
 0.881157  0.102356 0.0535172
  0.88641   0.10246 0.0536692
 0.891662  0.102568 0.0537966
0.896914  0.10268   0.0539
 0.902165  0.102795 0.0539798
 0.907414  0.102914 0.0540367
 0.912664  0.103037 0.0540713
0.917912 0.103162 0.054084
 0.923159  0.103291 0.0540755
 0.928407  0.103423 0.0540461
 0.933657   0.10356 0.0539964
 0.938909  0.103702 0.0539267
 0.944166  0.103847 0.0538374
 0.949427  0.103997 0.0537292
 0.954693   0.10415 0.0536029
0.959963 0.104306 0.053459
 0.965238  0.104465 0.0532984
 0.970519  0.104625 0.0531216
 0.975806  0.104788 0.0529294
0.981101 0.104951 0.052722
 0.986391   0.10513 0.0526798
 0.991687  0.105313 0.0525744
 0.996988  0.105497 0.0524043
  1.00229  0.105684 0.0521675
   1.0076  0.105874 0.0518621
  1.01292  0.106067 0.0514874
  1.01823  0.106262 0.0510427
  1.02356  0.106459 0.0505252
  1.02888  0.106659 0.0499315
  1.03418  0.106842 0.0483282
  1.03951  0.107038 0.0477085
  1.04485  0.107234 0.0470474
  1.05018  0.107431 0.0463501
  1.05551  0.107628 0.0456246
  1.06084  0.107825 0.0448713
 1.06617 0.108023 0.044091
   1.0715   0.10822 0.0432838
  1.07683  0.108417 0.0424501
 1.08216 0.108614  0.04159
 1.08749 0.108811 0.040704
  1.09283  0.109008 0.0397917
  1.09816  0.109205 0.0388528
  1.10349  0.109402 0.0378868
  1.10882    0.1096 0.0368932
  1.11415  0.109798 0.0358713
  1.11948  0.109997 0.0348206
  1.12481  0.110196 0.0337434
  1.13014  0.110395 0.0326359
  1.13542  0.110593 0.0315126
  1.13964  0.110748 0.0306557
  1.14302   0.11087 0.0300058
  1.14573  0.110966 0.0295162
  1.14789  0.111043 0.0291469
  1.14962  0.111105 0.0288637
    1.151  0.111155 0.0286406
  1.15211  0.111195 0.0284559
    1.153  0.111229 0.0282914
   1.1537  0.111258 0.0281307
  1.15427  0.111282 0.0279583
  1.15472  0.111303 0.0277567
  1.15508  0.111321 0.0275004
  1.15538  0.111358 0.0262823
  1.15561  0.111371 0.0261305
  1.15579  0.111383 0.0259651
  1.15593  0.111394 0.0257819
 1.15604 0.111404 0.025577
  1.15613  0.111414 0.0253465
 1.15613 0.111413  0.02549
  1.15613  0.111412 0.0256057
  1.15613  0.111412 0.0257022
  1.15613  0.111411 0.0257898
  1.15613  0.111411 0.0258687
  1.15613   0.11141 0.0259391
  1.15613  0.111408 0.0260006
  1.15614  0.111406 0.0260529
  1.15614  0.111404 0.0260953
  1.15614    0.1114 0.0261267
  1.15614  0.111396 0.0261453
  1.15615  0.111391 0.0261487
 1.15597 0.111452 0.025183
  1.15597  0.111453 0.0252182
  1.15597  0.111453 0.0252452
  1.15597  0.111454 0.0252672
  1.15597  0.111454 0.0252845
  1.15597  0.111455 0.0252998
  1.15597  0.111456 0.0253141
  1.15597  0.111456 0.0253277
  1.15597  0.111457 0.0253406
  1.15597  0.111458 0.0253529
  1.15597  0.111459 0.0253646
  1.15597  0.111459 0.0253758
  1.15597   0.11146 0.0253866
 1.15597 0.111461 0.025397
 1.15597 0.111461 0.025407
  1.15597  0.111462 0.0254167
  1.15597  0.111463 0.0254259
  1.15597  0.111463 0.0254347
  1.15597  0.111464 0.0254432
  1.15597  0.111464 0.0254511
  1.15598  0.111465 0.0254586
  1.15598  0.111465 0.0254657
  1.15598  0.111465 0.0254722
  1.15598  0.111466 0.0254781
  1.15598  0.111466 0.0254835
  1.15598  0.111466 0.0254883
  1.15598  0.111466 0.0254925
  1.15598  0.111467 0.0254961
 1.15598 0.111467 0.025499
  1.15598  0.111467 0.0255011
  1.15598  0.111467 0.0255025
  1.15598  0.111467 0.0255032
  1.15598  0.111467 0.0255031
  1.15598  0.111467 0.0255021
  1.15598  0.111467 0.0255002
  1.15598  0.111467 0.0254974
  1.15598  0.111467 0.0254937
  1.15598  0.111467 0.0254889
  1.15598  0.111467 0.0254831
  1.15598  0.111467 0.0254762
  1.15598  0.111467 0.0254681
  1.15598  0.111466 0.0254589
  1.15598  0.111466 0.0254484
  1.15598  0.111466 0.0254366
  1.15598  0.111466 0.0254234
  1.15598  0.111465 0.0254088
  1.15598  0.111465 0.0253927
  1.15598  0.111465 0.0253751
  1.15598  0.111464 0.0253557
  1.15598  0.111464 0.0253347
  1.15598  0.111464 0.0253118
  1.15598  0.111463 0.0252871
  1.15598  0.111463 0.0252603
  1.15598  0.111462 0.0252314
  1.15598  0.111462 0.0252002
  1.15598  0.111462 0.0251665
  1.15598  0.111461 0.0251302
  1.15598  0.111461 0.0250907
  1.15598  0.111461 0.0250476
  1.15598  0.111461 0.0250188
  1.15599  0.111461 0.0250711
  1.15597  0.111507 0.0241372
  1.15597  0.111508 0.0241886
  1.15597  0.111508 0.0242363
  1.15597  0.111509 0.0242803
  1.15597  0.111509 0.0243207
  1.15597  0.111509 0.0243575
  1.15597   0.11151 0.0243908
  1.15597   0.11151 0.0244207
  1.15597   0.11151 0.0244471
  1.15597   0.11151 0.0244703
  1.15597   0.11151 0.0244901
  1.15597   0.11151 0.0245066
  1.15597  0.111511 0.0245199
  1.15597  0.111511 0.0245307
  1.15597  0.111511 0.0245413
  1.15597  0.111511 0.0245522
  1.15597  0.111511 0.0245635
  1.15597  0.111511 0.0245791
  1.15597  0.111511 0.0245953
  1.15597  0.111512 0.0246111
  1.15597  0.111512 0.0246273
  1.15596  0.111512 0.0246441
  1.15596  0.111512 0.0246616
  1.15596  0.111512 0.0246796
  1.15596  0.111513 0.0246984
  1.15596  0.111513 0.0247177
  1.15596  0.111513 0.0247377
  1.15596  0.111514 0.0247583
  1.15596  0.111514 0.0247796
  1.15595   0.11151 0.0248072
  1.15595  0.111504 0.0248353
 1.15594 0.111494 0.024861
  1.15594  0.111482 0.0248848
  1.15593  0.111472 0.0249092
  1.15592  0.111461 0.0249346
  1.15592  0.111449 0.0249611
  1.15591  0.111436 0.0249892
   1.1559  0.111421 0.0250193
  1.15589  0.111407 0.0250515
  1.15588  0.111391 0.0250873
  1.15587  0.111374 0.0251283
  1.15586  0.111357 0.0251754
  1.15586  0.111339 0.0252302
  1.15585   0.11132 0.0252945
  1.15584  0.111301 0.0253699
  1.15583  0.111281 0.0254579
  1.15582   0.11126 0.0255602
  1.15572  0.111225 0.0257796
  1.15563  0.111189 0.0259053
  1.15559  0.111142 0.0250494
  1.15553  0.111121 0.0251079
   1.1555  0.111116 0.0251613
  1.15547  0.111113 0.0252091
  1.15545  0.111111 0.0252513
  1.15544  0.111111 0.0252879
  1.15543  0.111114 0.0253192
  1.15542  0.111116 0.0253451
  1.15542  0.111119 0.0253679
  1.15541  0.111121 0.0253893
  1.15652   0.11116 0.0257047
  1.15847  0.111227 0.0262421
  1.16109  0.111317 0.0269458
  1.16425  0.111426 0.0277731
  1.16785  0.111551 0.0286893
  1.17179  0.111689 0.0296664
    1.176  0.111838 0.0306823
  1.18044  0.111998 0.0317197
  1.18506  0.112165 0.0327654
 1.18982 0.112339 0.033809
  1.19469   0.11252 0.0348428
  1.19965  0.112704 0.0358607
  1.20468  0.112893 0.0368581
  1.20978  0.113087 0.0378312
  1.21492  0.113284 0.0387773
 1.22009 0.113484 0.039694
   1.2253  0.113687 0.0405795
  1.23053  0.113892 0.0414322
  1.23578  0.114099 0.0422509
  1.24104  0.114308 0.0430346
  1.24632  0.114519 0.0437821
  1.25161  0.114732 0.0444924
  1.2569 0.114947 0.045165
  1.2622 0.115163 0.045799
   1.2675  0.115381 0.0463933
  1.27281  0.115601 0.0469449
  1.27813  0.115821 0.0475575
  1.28345  0.116039 0.0481497
  1.28877  0.116257 0.0487211
  1.29409  0.116473 0.0492717
  1.29941  0.116689 0.0498011
  1.30474  0.116902 0.0503092
  1.31006  0.117115 0.0507958
  1.31539  0.117326 0.0512607
  1.32072  0.117535 0.0517027
  1.32604  0.117743 0.0521219
 1.33137  0.11795 0.052518
  1.3367 0.118155 0.052891
  1.34203  0.118359 0.0532407
 1.34736 0.118562 0.053567
  1.35269  0.118763 0.0538696
  1.35802  0.118963 0.0541486
  1.36335  0.119161 0.0544035
  1.36868  0.119357 0.0546339
  1.37401  0.119557 0.0548633
  1.37934  0.119759 0.0550361
  1.38467  0.119965 0.0551517
  1.39001  0.120174 0.0552099
  1.39534  0.120385 0.0552144
 1.40067 0.120599 0.055165
    1.406  0.120816 0.0550605
  1.41133  0.121036 0.0548992
  1.41666   0.12126 0.0546776
 1.42199 0.121482 0.054484
 1.42732 0.121703 0.054265
  1.43265  0.121923 0.0540204
  1.43798  0.122142 0.0537504
 1.44331  0.12236 0.053455
  1.44864  0.122577 0.0531342
  1.45397  0.122793 0.0527883
   1.4593  0.123008 0.0524172
  1.46462  0.123228 0.0510396
  1.46995  0.123441 0.0506284
  1.47528  0.123653 0.0501924
  1.48061  0.123864 0.0497318
  1.48594  0.124074 0.0492466
  1.49127  0.124283 0.0487369
  1.4966 0.124491 0.048203
  1.50193  0.124699 0.0476414
  1.50726  0.124906 0.0470516
  1.51259  0.125114 0.0464338
  1.51792  0.125321 0.0457881
  1.52325  0.125528 0.0451145
  1.52858  0.125735 0.0444133
  1.53391  0.125941 0.0436846
  1.53924  0.126148 0.0429287
  1.54457  0.126354 0.0421458
  1.5499  0.12656 0.041336
  1.55523  0.126765 0.0404997
 1.56056 0.126971 0.039637
  1.56589  0.127176 0.0387483
  1.57122  0.127381 0.0378333
 1.57655 0.127586 0.036892
  1.58188  0.127791 0.0359239
  1.58721  0.127997 0.0349286
  1.59254  0.128202 0.0339056
  1.59787  0.128407 0.0328545
   1.6032  0.128613 0.0317747
  1.60853  0.128819 0.0306658
  1.61381  0.129022 0.0295428
 1.61804 0.129178 0.028686
  1.62143  0.129296 0.0280409
  1.62414  0.129384 0.0275628
  1.62632  0.129451 0.0272119
  1.62807  0.129501 0.0269572
 1.62947 0.129538 0.026775
   1.6306  0.129563 0.0266468
   1.6315   0.12958 0.0265581
 1.63223 0.129591 0.026498
  1.63282  0.129597 0.0264576
  1.63329  0.129598 0.0264289
  1.63367  0.129596 0.0264048
  1.63398  0.129592 0.0263798
  1.63423  0.129586 0.0263486
  1.63444   0.12958 0.0263061
  1.6346 0.129575 0.026248
 1.63474 0.129569  0.02617
  1.63485  0.129562 0.0260684
  1.63494  0.129555 0.0259393
  1.63502  0.129548 0.0257792
  1.63513  0.129588 0.0246417
  1.63513  0.129587 0.0247385
  1.63513  0.129586 0.0248115
  1.63513  0.129585 0.0248623
  1.63513  0.129585 0.0248926
  1.63513  0.129584 0.0249176
  1.63513  0.129584 0.0249405
  1.63513  0.129584 0.0249614
  1.63513  0.129583 0.0249806
  1.63513  0.129583 0.0249982
  1.63513  0.129583 0.0250132
  1.63513  0.129583 0.0250265
  1.63513  0.129583 0.0250388
  1.63513  0.129583 0.0250504
  1.63513  0.129582 0.0250615
  1.63513  0.129582 0.0250723
 1.63512 0.129582 0.025083
  1.63512  0.129582 0.0250943
  1.63512  0.129582 0.0251056
  1.63512  0.129582 0.0251169
 1.63512 0.129582 0.025128
  1.63512  0.129582 0.0251387
 1.63512 0.129582 0.025149
  1.63512  0.129582 0.0251589
  1.63512  0.129582 0.0251685
  1.63512  0.129582 0.0251777
  1.63512  0.129582 0.0251866
  1.63512  0.129582 0.0251953
  1.63512  0.129582 0.0252037
  1.63512  0.129582 0.0252118
  1.63512  0.129582 0.0252196
  1.63512  0.129582 0.0252271
 1.63512 0.129582 0.025234
  1.63512  0.129582 0.0252405
  1.63512  0.129582 0.0252465
  1.63512  0.129582 0.0252518
  1.63512  0.129582 0.0252565
  1.63512  0.129582 0.0252605
  1.63512  0.129582 0.0252636
 1.63512 0.129582 0.025266
  1.63512  0.129582 0.0252674
  1.63512  0.129582 0.0252678
  1.63512  0.129582 0.0252672
  1.63512  0.129582 0.0252654
  1.63512  0.129582 0.0252625
  1.63512  0.129582 0.0252583
  1.63512  0.129582 0.0252528
  1.63512  0.129582 0.0252459
  1.63512  0.129582 0.0252376
  1.63512  0.129582 0.0252277
  1.63512  0.129582 0.0252163
  1.63512  0.129582 0.0252034
  1.63512  0.129582 0.0251889
  1.63512  0.129582 0.0251729
  1.63512  0.129582 0.0251554
  1.63512  0.129582 0.0251362
  1.63512  0.129582 0.0251153
  1.63512  0.129582 0.0250927
  1.63512  0.129582 0.0250683
 1.63512 0.129582 0.025042
  1.63512  0.129582 0.0250128
  1.63512  0.129583 0.0250301
  1.63512  0.129585 0.0250529
  1.63511  0.129588 0.0250658
  1.63511  0.129592 0.0250635
  1.63511  0.129585 0.0250956
   1.6351  0.129578 0.0251146
   1.6351  0.129576 0.0251211
   1.6351  0.129576 0.0251221
   1.6351  0.129576 0.0251185
  1.6351 0.129576  0.02511
   1.6351  0.129575 0.0250964
   1.6351  0.129575 0.0250773
   1.6351  0.129575 0.0250516
   1.6351  0.129575 0.0250174
  1.63508  0.129626 0.0239974
  1.63508  0.129626 0.0240283
  1.63508  0.129626 0.0240537
  1.63508  0.129626 0.0240734
  1.63508  0.129626 0.0240871
  1.63508  0.129626 0.0241006
  1.63508  0.129626 0.0241142
 1.63508 0.129626 0.024128
  1.63508  0.129626 0.0241421
  1.63508  0.129626 0.0241564
 1.63508 0.129626 0.024171
  1.63508  0.129626 0.0241859
  1.63508  0.129627 0.0242012
  1.63508  0.129627 0.0242169
  1.63508  0.129627 0.0242331
  1.63508  0.129628 0.0242498
  1.63508  0.129628 0.0242672
  1.63508  0.129628 0.0242852
  1.63508  0.129629 0.0243039
  1.63507  0.129629 0.0243234
  1.63507   0.12963 0.0243436
  1.63507  0.129631 0.0243645
  1.63507  0.129631 0.0243862
  1.63507  0.129632 0.0244087
 1.63507 0.129633 0.024432
  1.63506   0.12963 0.0244603
  1.63506  0.129624 0.0244876
  1.63505  0.129617 0.0245136
  1.63505  0.129612 0.0245409
  1.63504   0.12961 0.0245699
  1.63504  0.129609 0.0246002
  1.63504  0.129605 0.0246323
  1.63503  0.129601 0.0246664
  1.63503  0.129596 0.0247028
  1.63502  0.129591 0.0247419
  1.63502  0.129586 0.0247843
  1.63501   0.12958 0.0248318
  1.63501  0.129573 0.0248861
    1.635  0.129566 0.0249483
    1.635  0.129557 0.0250203
 1.63499 0.129549 0.025104
  1.63499   0.12954 0.0252011
  1.63502  0.129529 0.0243265
  1.63501  0.129519 0.0244668
  1.63501  0.129509 0.0246261
  1.63495  0.129495 0.0250157
 1.63491 0.129484 0.025334
 1.63487 0.129476 0.025586
  1.63487  0.129469 0.0256883
  1.63486   0.12947 0.0259455
  1.63485  0.129477 0.0261487
  1.63485  0.129489 0.0263063
  1.63485  0.129503 0.0264304
  1.63486  0.129518 0.0265202
  1.63487  0.129535 0.0265747
  1.63596  0.129551 0.0268823
 1.63787 0.129564 0.027379
 1.64043 0.129574 0.028021
  1.64351  0.129581 0.0287692
  1.64702  0.129587 0.0295893
  1.65086  0.129593 0.0304519
  1.65497  0.129603 0.0313327
   1.6593  0.129596 0.0312806
  1.66387  0.129716 0.0323655
  1.66862  0.129871 0.0334661
  1.67349  0.130053 0.0345686
  1.67845  0.130239 0.0356584
  1.68348   0.13043 0.0367302
  1.68858  0.130624 0.0377808
  1.69372  0.130821 0.0388078
  1.69889  0.131021 0.0398093
   1.7041  0.131222 0.0407836
  1.70933  0.131425 0.0417292
  1.71458   0.13163 0.0426458
 1.71985 0.131836 0.043533
  1.72512  0.132042 0.0443905
  1.73041   0.13225 0.0452163
  1.73571  0.132459 0.0460118
  1.74101  0.132669 0.0467767
  1.74632  0.132879 0.0475109
  1.75163   0.13309 0.0482143
  1.75694  0.133301 0.0488869
  1.76226  0.133513 0.0495284
  1.76758  0.133725 0.0501388
   1.7729  0.133938 0.0507178
  1.77823  0.134152 0.0512652
  1.78355  0.134366 0.0517813
  1.78888   0.13458 0.0522659
   1.7942  0.134795 0.0527192
 1.79953  0.13501 0.053141
  1.80486  0.135226 0.0535313
  1.81019  0.135442 0.0538904
  1.81552  0.135659 0.0542181
  1.82085  0.135876 0.0545146
  1.82618  0.136094 0.0547806
  1.83151  0.136311 0.0550165
  1.83684  0.136529 0.0552225
  1.84217  0.136747 0.0553985
   1.8475  0.136965 0.0555448
  1.85283  0.137183 0.0556615
  1.85816  0.137402 0.0557485
  1.86349   0.13762 0.0558061
  1.86882  0.137839 0.0558343
  1.87415  0.138057 0.0558332
  1.87948  0.138276 0.0558029
  1.88481  0.138494 0.0557434
  1.89014  0.138713 0.0556549
 1.89547 0.138932 0.055538
   1.9008   0.13915 0.0553921
 1.90613 0.139368 0.055217
  1.91147  0.139587 0.0550128
   1.9168  0.139805 0.0547795
 1.92213 0.140024 0.054517
  1.92746  0.140242 0.0542255
  1.93279   0.14046 0.0539048
  1.93812  0.140679 0.0535551
  1.94345  0.140897 0.0531764
  1.94878  0.141115 0.0527688
  1.95411  0.141334 0.0523321
  1.95944  0.141552 0.0518667
  1.96477   0.14177 0.0513723
   1.9701  0.141988 0.0508492
  1.97543  0.142207 0.0502974
  1.98076  0.142425 0.0497169
  1.98609  0.142642 0.0491147
  1.99142   0.14286 0.0484847
  1.99675  0.143077 0.0478266
  2.00207  0.143295 0.0471404
   2.0074  0.143512 0.0464259
  2.01273   0.14373 0.0456831
  2.01806  0.143947 0.0449118
 2.02339 0.144165 0.044112
  2.02872  0.144383 0.0432835
  2.03405  0.144601 0.0424264
  2.03937  0.144819 0.0415405
   2.0447  0.145037 0.0406257
  2.05003  0.145255 0.0396817
  2.05536  0.145474 0.0387078
  2.06069  0.145692 0.0377029
  2.06601  0.145911 0.0366655
  2.07134  0.146131 0.0355948
  2.07667   0.14635 0.0344892
  2.08199  0.146571 0.0333472
  2.08732  0.146792 0.0321665
  2.09259   0.14701 0.0309602
  2.09682  0.147177 0.0300003
  2.10023  0.147301 0.0292172
  2.10302  0.147388 0.0276141
  2.10519  0.147467 0.0271865
  2.10693  0.147529 0.0268568
 2.10832 0.147576 0.026601
  2.10944   0.14761 0.0264001
  2.11034  0.147635 0.0262396
  2.11106  0.147652 0.0261078
  2.11164  0.147664 0.0259957
   2.1121  0.147672 0.0258951
  2.11248  0.147676 0.0257988
  2.11278  0.147677 0.0257004
  2.11302  0.147677 0.0255944
 2.11322 0.147676 0.025476
  2.11322  0.147675 0.0255486
  2.11322  0.147674 0.0256024
  2.11322  0.147673 0.0256436
  2.11322  0.147671 0.0256731
  2.11322  0.147673 0.0256903
  2.11326  0.147683 0.0257024
  2.11328  0.147694 0.0256741
  2.11329  0.147691 0.0256877
   2.1133  0.147684 0.0256882
  2.11331  0.147673 0.0256686
  2.11336   0.14773 0.0246678
 2.11336  0.14773 0.024698
  2.11336   0.14773 0.0247257
  2.11336  0.147729 0.0247511
  2.11336  0.147729 0.0247745
  2.11336  0.147729 0.0247959
  2.11336  0.147729 0.0248154
  2.11336  0.147729 0.0248333
  2.11336  0.147729 0.0248498
  2.11336  0.147729 0.0248652
  2.11336  0.147729 0.0248795
  2.11336  0.147729 0.0248928
  2.11336   0.14773 0.0249052
  2.11336   0.14773 0.0249169
  2.11336   0.14773 0.0249278
  2.11336   0.14773 0.0249382
  2.11336  0.147731 0.0249479
  2.11336  0.147731 0.0249571
  2.11336  0.147731 0.0249657
  2.11336  0.147731 0.0249737
  2.11336  0.147731 0.0249812
  2.11336  0.147732 0.0249882
  2.11336  0.147732 0.0249945
  2.11336  0.147732 0.0250002
  2.11336  0.147732 0.0250052
  2.11336  0.147732 0.0250095
  2.11336  0.147732 0.0250131
  2.11336  0.147732 0.0250158
  2.11336  0.147733 0.0250176
  2.11336  0.147733 0.0250185
  2.11336  0.147733 0.0250183
  2.11336  0.147733 0.0250169
  2.11336  0.147732 0.0250142
  2.11336  0.147732 0.0250101
  2.11336  0.147732 0.0250122
  2.11336  0.147732 0.0250144
  2.11336  0.147732 0.0250496
  2.11336  0.147732 0.0250824
  2.11336  0.147732 0.0251136
  2.11336  0.147732 0.0251433
  2.11336  0.147732 0.0251715
  2.11336  0.147732 0.0251983
  2.11336  0.147732 0.0252235
  2.11336  0.147732 0.0252474
  2.11336  0.147732 0.0252697
  2.11336  0.147732 0.0252907
  2.11336  0.147731 0.0253103
  2.11336  0.147731 0.0253284
  2.11336  0.147731 0.0253453
  2.11336  0.147731 0.0253609
  2.11336  0.147731 0.0253752
  2.11336  0.147731 0.0253883
  2.11336  0.147731 0.0254002
  2.11336  0.147731 0.0254111
  2.11336  0.147731 0.0254208
  2.11336   0.14773 0.0254288
  2.11336   0.14773 0.0254347
  2.11336   0.14773 0.0254371
  2.11336   0.14773 0.0254317
  2.11336   0.14773 0.0254374
  2.11336   0.14773 0.0254425
  2.11336   0.14773 0.0254468
  2.11336  0.147729 0.0254512
  2.11336  0.147729 0.0254551
  2.11334  0.147751 0.0244762
  2.11334  0.147751 0.0244885
  2.11334  0.147751 0.0245002
  2.11334  0.147751 0.0245119
  2.11334  0.147751 0.0245236
  2.11334  0.147751 0.0245354
  2.11334  0.147752 0.0245473
  2.11334  0.147752 0.0245593
  2.11334  0.147752 0.0245714
  2.11334  0.147752 0.0245836
 2.11334 0.147752 0.024596
  2.11334  0.147752 0.0246085
  2.11334  0.147753 0.0246213
  2.11334  0.147753 0.0246343
  2.11334  0.147753 0.0246476
  2.11334  0.147753 0.0246612
  2.11334  0.147754 0.0246751
  2.11334  0.147754 0.0246895
  2.11334  0.147755 0.0247043
  2.11333  0.147755 0.0247196
  2.11333  0.147756 0.0247355
 2.11333 0.147757 0.024752
  2.11333  0.147757 0.0247693
  2.11333  0.147758 0.0247875
  2.11333  0.147759 0.0248064
  2.11332   0.14776 0.0248263
  2.11332  0.147761 0.0248471
  2.11332  0.147762 0.0248692
  2.11332  0.147764 0.0248928
  2.11332  0.147767 0.0249183
  2.11331   0.14777 0.0249458
  2.11331  0.147771 0.0249815
  2.11331  0.147769 0.0250198
   2.1133  0.147763 0.0250589
  2.11329  0.147759 0.0250995
  2.11329  0.147758 0.0251443
  2.11329  0.147758 0.0251934
  2.11328  0.147758 0.0252472
  2.11328  0.147758 0.0253059
  2.11263  0.147785 0.0255514
  2.11264  0.147822 0.0256115
  2.11231  0.147914 0.0257212
  2.11205   0.14804 0.0257092
 2.11181 0.148165 0.024736
  2.11159  0.148169 0.0247868
  2.11141  0.148169 0.0248341
  2.11127  0.148167 0.0248815
 2.11115 0.148165 0.024929
  2.11105  0.148163 0.0249771
  2.11098   0.14816 0.0250256
  2.11092  0.148157 0.0250747
  2.11087  0.148154 0.0251244
  2.11083   0.14815 0.0251764
   2.1108  0.148146 0.0252309
  2.11078  0.148146 0.0252885
  2.11076  0.148146 0.0253491
  2.11075  0.148145 0.0254128
  2.11074  0.148144 0.0254802
  2.11073  0.148143 0.0255517
  2.11073  0.148141 0.0256256
  2.11072  0.148138 0.0256993
 2.11181 0.148158 0.026059
  2.11373  0.148195 0.0266384
  2.11632  0.148245 0.0273932
 2.11944 0.148297 0.028282
  2.12299   0.14836 0.0292686
  2.12689  0.148425 0.0303216
  2.13105  0.148494 0.0314154
  2.13543  0.148567 0.0325303
  2.13998  0.148648 0.0336518
  2.14468  0.148742 0.0347695
  2.14949  0.148853 0.0358758
  2.15441  0.148986 0.0369653
  2.15941   0.14914 0.0380343
  2.16449  0.149317 0.0390803
  2.16962   0.14951 0.0401014
   2.1748  0.149707 0.0410961
     2.18  0.149907 0.0420624
  2.18523  0.150108 0.0429988
 2.19047 0.150311 0.043905
  2.19573  0.150516 0.0447813
  2.20101  0.150723 0.0456273
  2.20629   0.15093 0.0464424
  2.21158  0.151139 0.0472265
  2.21688  0.151349 0.0479792
  2.22219   0.15156 0.0487002
  2.22749  0.151771 0.0493904
  2.23281  0.151984 0.0500499
  2.23812  0.152197 0.0506783
  2.24344  0.152411 0.0512757
  2.24876  0.152625 0.0518419
  2.25408   0.15284 0.0523768
   2.2594  0.153056 0.0528802
  2.26473  0.153273 0.0533521
  2.27005   0.15349 0.0537923
  2.27538  0.153708 0.0542006
   2.2807  0.153926 0.0545768
  2.28603  0.154146 0.0549208
  2.29136  0.154366 0.0552324
  2.29668  0.154586 0.0555114
  2.30201  0.154808 0.0557576
  2.30734   0.15503 0.0559708
  2.31267  0.155253 0.0561507
    2.318  0.155477 0.0562974
  2.32333  0.155701 0.0564104
  2.32866  0.155927 0.0564897
  2.33399  0.156153 0.0565351
  2.33932   0.15638 0.0565464
  2.34465  0.156608 0.0565235
 2.34998 0.156836 0.056466
  2.35531  0.157066 0.0563739
  2.36064  0.157296 0.0562469
  2.36597  0.157526 0.0560849
   2.3713  0.157758 0.0558876
  2.37663   0.15799 0.0556548
  2.38196  0.158223 0.0553862
  2.38729  0.158456 0.0550818
  2.39262   0.15869 0.0547413
  2.39795  0.158924 0.0543641
  2.40329  0.159159 0.0539499
  2.40862  0.159394 0.0534981
  2.41395   0.15963 0.0530081
  2.41928  0.159865 0.0524785
  2.42461  0.160101 0.0519057
  2.42994  0.160334 0.0514017
  2.43528  0.160564 0.0508825
 2.44061  0.16079 0.050348
  2.44594  0.161014 0.0497984
  2.45127  0.161234 0.0492335
   2.4566  0.161452 0.0486535
  2.46191  0.161643 0.0470642
  2.46724  0.161858 0.0464533
  2.47257  0.162072 0.0458143
   2.4779  0.162287 0.0451474
  2.48323  0.162501 0.0444528
  2.48857  0.162715 0.0437305
  2.4939 0.162929 0.042981
  2.49923  0.163143 0.0422043
  2.50456  0.163356 0.0414008
  2.50989  0.163569 0.0405706
  2.51522  0.163782 0.0397139
 2.52055 0.163994 0.038831
  2.52589  0.164206 0.0379218
  2.53122  0.164419 0.0369862
  2.53655  0.164631 0.0360237
 2.54188 0.164843 0.035034
  2.54721  0.165056 0.0340166
 2.55254 0.165268 0.032971
  2.55787  0.165482 0.0318969
  2.56321  0.165695 0.0307938
  2.56848  0.165906 0.0296767
  2.57271  0.166069 0.0288249
  2.5761 0.166194 0.028185
  2.57881  0.166292 0.0277125
  2.58098  0.166367 0.0273676
  2.58272  0.166426 0.0271198
  2.58411  0.166472 0.0269456
  2.58523  0.166509 0.0268269
  2.58612  0.166538 0.0267495
  2.58683   0.16656 0.0267026
  2.58741  0.166576 0.0266775
  2.58787  0.166588 0.0266675
  2.58824  0.166596 0.0266664
  2.58854  0.166601 0.0266682
  2.58878  0.166604 0.0266674
  2.58898  0.166606 0.0266591
 2.58914 0.166607 0.026639
  2.58927  0.166606 0.0266031
  2.58937  0.166605 0.0265477
  2.58945  0.166604 0.0264693
  2.58952  0.166602 0.0263647
  2.58958    0.1666 0.0262305
  2.58963  0.166598 0.0260643
  2.58972   0.16664 0.0249188
  2.58972  0.166644 0.0250319
  2.58973  0.166651 0.0251245
  2.58973  0.166658 0.0252038
  2.58973  0.166665 0.0252703
  2.58973  0.166672 0.0253244
  2.58973  0.166676 0.0253664
  2.58973  0.166675 0.0253964
  2.58973  0.166675 0.0254124
  2.58973   0.16668 0.0254261
  2.58974  0.166689 0.0254379
  2.58975  0.166702 0.0254485
 2.58975 0.166719 0.025458
  2.58976  0.166737 0.0254667
  2.58977  0.166758 0.0254746
  2.58979  0.166781 0.0254817
   2.5898  0.166805 0.0254882
 2.58981  0.16683 0.025494
  2.58982  0.166855 0.0254987
  2.58983  0.166878 0.0255018
 2.58984 0.166902 0.025503
  2.58985  0.166926 0.0255018
  2.58986  0.166952 0.0254979
  2.58987  0.166978 0.0254909
  2.58988  0.167004 0.0254805
  2.58989  0.167031 0.0254663
 2.58991 0.167059 0.025448
  2.58992  0.167088 0.0254254
 2.58993 0.167117 0.025398
  2.58994  0.167147 0.0253658
  2.58996  0.167177 0.0253283
  2.58997  0.167208 0.0252853
  2.58998   0.16724 0.0252365
     2.59  0.167272 0.0251816
  2.59001  0.167305 0.0251204
  2.59003  0.167339 0.0250524
  2.59004  0.167373 0.0249767
  2.59006  0.167346 0.0250392
  2.59007  0.167321 0.0250863
  2.59008  0.167297 0.0251183
   2.5901  0.167278 0.0251352
 2.59011 0.167262 0.025139
  2.59012  0.167247 0.0251333
  2.59014  0.167233 0.0251181
  2.59015  0.167219 0.0250931
  2.59016  0.167206 0.0250581
  2.59017  0.167193 0.0250121
  2.59018  0.167218 0.0250803
  2.59019  0.167244 0.0251371
   2.5902  0.167269 0.0251825
   2.5902  0.167295 0.0252167
  2.59021  0.167321 0.0252397
  2.59022  0.167345 0.0252514
  2.59023  0.167369 0.0252522
  2.59024  0.167393 0.0252439
  2.59025  0.167417 0.0252264
  2.59026  0.167441 0.0251996
  2.59027  0.167466 0.0251635
  2.59029  0.167491 0.0251179
   2.5903  0.167517 0.0250627
  2.59031  0.167543 0.0249976
 2.59031  0.16753 0.025032
  2.59032  0.167519 0.0250518
  2.59033  0.167511 0.0250569
  2.59033  0.167503 0.0250497
  2.59034  0.167496 0.0250299
  2.59034  0.167489 0.0249949
  2.59034  0.167498 0.0250356
  2.59035  0.167508 0.0250656
  2.59035  0.167517 0.0250848
  2.59036  0.167526 0.0250933
  2.59036  0.167535 0.0250931
  2.59036  0.167545 0.0250843
  2.59037  0.167555 0.0250664
  2.59037  0.167565 0.0250397
  2.59035  0.167604 0.0240338
 2.59035 0.167604 0.024047
  2.59035  0.167604 0.0240604
  2.59035  0.167604 0.0240739
  2.59035  0.167604 0.0240876
  2.59035  0.167603 0.0241014
  2.59035  0.167603 0.0241156
  2.59035  0.167603 0.0241299
  2.59035  0.167603 0.0241446
  2.59035  0.167602 0.0241597
  2.59035  0.167602 0.0241751
  2.59035  0.167602 0.0241909
  2.59035  0.167602 0.0242073
  2.59035  0.167601 0.0242242
  2.59035  0.167601 0.0242417
  2.59035  0.167601 0.0242599
  2.59034    0.1676 0.0242788
  2.59034    0.1676 0.0242985
 2.59034   0.1676 0.024319
  2.59034    0.1676 0.0243405
  2.59034  0.167602 0.0243632
  2.59034  0.167605 0.0243875
  2.59034  0.167608 0.0244134
  2.59034  0.167607 0.0244473
 2.59033 0.167603 0.024484
  2.59033  0.167595 0.0245213
  2.59032  0.167586 0.0245592
 2.59032 0.167578 0.024601
 2.59031 0.167571 0.024647
   2.5903  0.167563 0.0246976
   2.5903  0.167555 0.0247533
  2.59029  0.167546 0.0248143
  2.59028  0.167536 0.0248814
  2.59028  0.167526 0.0249565
  2.59027  0.167516 0.0250414
  2.59027  0.167505 0.0251378
  2.59026  0.167494 0.0252475
  2.59025  0.167483 0.0253724
  2.59025  0.167471 0.0255138
  2.59025  0.167458 0.0256734
  2.59015  0.167459 0.0261418
  2.59008  0.167459 0.0265357
  2.59002  0.167459 0.0268903
 2.58998 0.167458 0.027212
  2.58994  0.167457 0.0274989
  2.58991  0.167453 0.0277474
  2.58989  0.167447 0.0279518
  2.58992  0.167395 0.0271825
   2.5899  0.167394 0.0274719
  2.58989  0.167391 0.0277667
  2.58988  0.167387 0.0280568
  2.58988  0.167382 0.0283416
  2.58987  0.167376 0.0286215
  2.59097  0.167389 0.0291932
  2.59291  0.167415 0.0299806
  2.59552  0.167449 0.0309346
  2.59867  0.167491 0.0320138
  2.60226  0.167539 0.0331835
  2.60619  0.167593 0.0344154
  2.61041  0.167652 0.0356869
  2.61484  0.167715 0.0369805
  2.61946  0.167783 0.0382827
  2.62421  0.167855 0.0395833
  2.62908  0.167931 0.0408746
  2.63404  0.168009 0.0421511
  2.63908   0.16809 0.0434087
  2.64417  0.168173 0.0446443
  2.64931  0.168258 0.0458556
  2.65448  0.168345 0.0470412
  2.65969  0.168432 0.0481999
  2.66492  0.168521 0.0493308
  2.67017  0.168611 0.0504335
  2.67543  0.168701 0.0515075
  2.68071  0.168792 0.0525527
    2.686  0.168884 0.0535688
  2.6913 0.168975 0.054556
   2.6966  0.169068 0.0555141
  2.70191   0.16916 0.0564432
  2.70722  0.169253 0.0573435
  2.71254  0.169346 0.0582152
  2.71785  0.169439 0.0590583
  2.72317  0.169532 0.0598731
   2.7285  0.169626 0.0606597
  2.73382   0.16972 0.0614184
  2.73915  0.169814 0.0621493
  2.74447  0.169908 0.0628528
   2.7498  0.170003 0.0635292
  2.75513  0.170097 0.0641786
  2.76046  0.170192 0.0648015
 2.76579 0.170287 0.065398
  2.77112  0.170382 0.0659686
  2.77645  0.170478 0.0665136
  2.78178  0.170572 0.0670375
  2.78711  0.170667 0.0675408
  2.79244   0.17076 0.0680237
  2.79777  0.170854 0.0684866
   2.8031  0.170946 0.0689301
  2.80844  0.171038 0.0693544
  2.81377  0.171129 0.0697602
   2.8191  0.171219 0.0701477
  2.82443  0.171309 0.0705175
  2.82976  0.171398 0.0708701
   2.8351  0.171486 0.0712061
  2.84043  0.171573 0.0715258
  2.84576  0.171659 0.0718299
  2.85109  0.171745 0.0721187
  2.85643  0.171829 0.0723927
  2.86176  0.171913 0.0726522
  2.86709  0.171996 0.0728976
  2.87242  0.172078 0.0731293
  2.87776  0.172159 0.0733477
 2.88309  0.17224 0.073553
  2.88842   0.17232 0.0737458
  2.89376    0.1724 0.0739263
  2.89909  0.172479 0.0740948
  2.90442  0.172558 0.0742518
  2.90976  0.172636 0.0743975
  2.91509  0.172714 0.0745321
  2.92042  0.172792 0.0746559
  2.92576   0.17287 0.0747692
  2.93109  0.172949 0.0748723
  2.93642  0.173027 0.0749653
  2.94176  0.173106 0.0750486
  2.94709  0.173186 0.0751225
  2.95243  0.173266 0.0751873
  2.95776  0.173347 0.0752437
  2.96309   0.17343 0.0752922
  2.96843  0.173513 0.0753335
  2.97376  0.173597 0.0753683
  2.97909  0.173683 0.0753976
  2.98443  0.173769 0.0754222
  2.98976  0.173858 0.0754431
   2.9951  0.173947 0.0754612
  3.00043  0.174039 0.0754772
  3.00577  0.174132 0.0754921
  3.0111 0.174227 0.075506
  3.01643  0.174325 0.0755189
  3.02177  0.174425 0.0755304
 3.02711 0.174527  0.07554
 3.03246 0.174631 0.075547
  3.03781  0.174738 0.0755505
  3.04316  0.174847 0.0755497
  3.04847  0.174954 0.0755582
  3.05274  0.174977 0.0758465
  3.0562 0.174929  0.07636
  3.05899  0.174823 0.0770536
  3.06127  0.174669 0.0778907
  3.06312  0.174472 0.0788416
  3.06465  0.174241 0.0798809
  3.06591  0.173979 0.0809839
  3.06696  0.173691 0.0821395
  3.06784  0.173381 0.0833365
  3.06859   0.17305 0.0845658
  3.06924  0.172701 0.0858196
   3.0698  0.172329 0.0861033
  3.07029  0.171955 0.0873972
 3.07074 0.171568 0.088697
  3.07115  0.171171 0.0899983
  3.07152  0.170764 0.0912969
  3.07188  0.170349 0.0925893
  3.07221  0.169927 0.0938721
  3.07254    0.1695 0.0951421
  3.07285  0.169069 0.0963965
  3.07316  0.168636 0.0976324
  3.07347  0.168201 0.0988481
 3.07378 0.167767 0.100042
 3.07408 0.167335 0.101215
 3.07439 0.166904 0.102365
  3.0747 0.166476 0.103493
 3.07502 0.166056   0.1046
 3.07534 0.165642 0.105686
 3.07566 0.165232 0.106753
 3.07599 0.164827 0.107802
 3.07528 0.164509 0.108462
 3.07377 0.164275 0.108847
 3.07161 0.164121 0.109039
 3.06892  0.16404 0.109104
 3.06581 0.164028 0.109101
 3.06235 0.164075 0.109068
 3.05861 0.164176 0.109038
 3.05463 0.164321 0.109034
 3.05064 0.164472 0.108138
 3.04631 0.164699  0.10835
 3.04186 0.164954 0.108666
  3.0373 0.165229 0.109098
 3.03265 0.165518 0.109657
 3.02793 0.165814 0.110352
 3.02316 0.166113 0.111191
 3.01834 0.166407 0.112182
 3.01349 0.166692 0.113329
 3.00861 0.166961 0.114641
  3.0037 0.167209 0.116122
 2.99879 0.167429 0.117777
 2.99386 0.167616 0.119613
 2.98893 0.167765 0.121634
   2.984 0.167867 0.123845
 2.97908 0.167918 0.126251
 2.97417  0.16791 0.128857
 2.96929 0.167807 0.130644
 2.96441 0.167672 0.133791
 2.95956 0.167456 0.137156
 2.95473 0.167151 0.140742
 2.94994 0.166748 0.144552
 2.94518 0.166237 0.148588
 2.94045  0.16561 0.152811
 2.93577 0.164855 0.157274
 2.93114 0.163961 0.161981
 2.92654 0.162891 0.165916
 2.92202 0.161694  0.17128
 2.91757 0.160321   0.1769
 2.91319 0.158757 0.182778
 2.90889 0.156986 0.188914
 2.90466 0.154992 0.195309
 2.90052 0.152758 0.201964
 2.89647 0.150265 0.208877
 2.89251 0.147493 0.216049
 2.88866 0.144423 0.223476
  2.8849 0.141032 0.231158
 2.88125 0.137295  0.23909
 2.87768 0.133197 0.246305
 2.87426 0.128703 0.254753
 2.87094 0.123783 0.263437
 2.86774 0.118404 0.272349
 2.86466 0.112534 0.281477
 2.86168 0.106135 0.290809
  2.85883 0.0991686   0.30033
  2.85608 0.0916377  0.309154
  2.85344 0.0834191  0.319042
 2.85088 0.074495 0.329069
  2.84842 0.0648098   0.33921
  2.84602 0.0543027  0.349438
   2.8438 0.0429874  0.358946
  2.84155 0.0306393  0.369295
 2.83939 0.017231 0.379634
   2.83747 0.00262415   0.389924
   2.83694 -0.0134129   0.399253
 2.86186 -0.04092 0.410677
    2.8551 -0.0567972   0.424569
   2.85051 -0.0758914   0.438782
  2.86759 -0.105585  0.453389
  2.86362 -0.125676  0.464902
  2.92699 -0.171615  0.485891
  2.91499 -0.196096  0.527703
  2.90871 -0.228227  0.571276
  2.95309 -0.276732  0.603715
  2.95014 -0.312594  0.649537
  3.12983 -0.369461  0.607726
   3.1219 -0.391949  0.678159
  3.12526 -0.430224  0.756537
  3.15083 -0.483289  0.833688
  3.66308 -0.519207  0.425323
  3.91384 -0.511581  0.390947
  3.68934 -0.394909  0.408876
  3.70981 -0.365587  0.559934
   3.7517 -0.334612  0.704589
  3.82574 -0.341392  0.872074
  3.82385 -0.369057  0.979562
  4.00555 -0.403582  0.520722
   3.92962  -0.268021 -0.0867209
  3.87813 -0.228622 -0.101522
    4.32295   -0.275612 -0.00134514
  4.23689 -0.142896 0.0644368
 3.92232  -1.1703 0.318833
 4.12376  -1.1455 0.440014
 4.39885   -1.079 0.590691
   5.97365 0.00425773  -0.430534
-52.2943 -54.8603 -71.7908
-5494.55 -5504.06 -5024.61
-769538  570993  870032
 4.75177e+08 -1.03326e+09 -4.61123e+08
1.51048e+13 5.49431e+13 9.52352e+12
-7.47885e+19 -1.32521e+19  1.99591e+20
1.55771e+33 1.13184e+34 1.17386e+33
-8.58817e+60  4.03653e+60 -1.84934e+60
 5.2972e+113 5.11534e+113 3.45922e+113
nan nan nan
-nan -nan -nan
-nan -nan -nan
