0 0 0
0 0 0
0 0 0
0 0 0
0 0 0
0 0 0
0 0 0
0 0 0
0 0 0
0 0 0
0 0 0
0 0 0
0 0 0
0 0 0
0 0 0
0 0 0
0 0 0
0 0 0
0 0 0
0 0 0
0 0 0
0 0 0
0 0 0
0 0 0
0 0 0
0 0 0
0 0 0
0 0 0
0 0 0
0 0 0
0 0 0
0 0 0
0 0 0
0 0 0
0 0 0
0 0 0
0 0 0
0 0 0
0 0 0
0 0 0
0 0 0
0 0 0
0 0 0
0 0 0
0 0 0
0 0 0
0 0 0
0 0 0
0 0 0
0 0 0
0 0 0
0 0 0
0 0 0
0 0 0
0 0 0
0 0 0
0 0 0
0 0 0
0 0 0
0 0 0
0 0 0
0 0 0
0 0 0
0 0 0
0 0 0
0 0 0
0 0 0
0 0 0
0 0 0
0 0 0
0 0 0
0 0 0
0 0 0
0 0 0
0 0 0
0 0 0
0 0 0
0 0 0
0 0 0
0 0 0
0 0 0
0 0 0
0 0 0
0 0 0
0 0 0
0 0 0
0 0 0
0 0 0
0 0 0
0 0 0
0 0 0
0 0 0
0 0 0
0 0 0
0 0 0
0 0 0
0 0 0
0 0 0
0 0 0
0 0 0
0 0 0
0 0 0
0 0 0
0 0 0
0 0 0
0 0 0
0 0 0
0 0 0
0 0 0
0 0 0
0 0 0
0 0 0
0 0 0
0 0 0
0 0 0
0 0 0
0 0 0
0 0 0
0 0 0
0 0 0
0 0 0
 0.00311111 3.30432e-08   0.0013037
 0.00311111 3.30432e-08  0.00127407
 0.00311111 3.30432e-08  0.00124444
 0.00311111 3.30432e-08  0.00121481
 0.00311111 3.30432e-08  0.00118519
 0.00311111 3.30432e-08  0.00115556
 0.00311111 3.30432e-08  0.00112593
 0.00311111 3.30432e-08   0.0010963
 0.00311111 3.30432e-08  0.00106667
 0.00311111 3.30432e-08  0.00103704
 0.00311111 3.30432e-08  0.00100741
 0.00311111 3.30432e-08 0.000977778
 0.00311111 3.30432e-08 0.000948148
 0.00311111 3.30432e-08 0.000918519
 0.00311111 3.30432e-08 0.000888889
 0.00311111 3.30432e-08 0.000859259
 0.00311111 3.30432e-08  0.00082963
 0.00311111 3.30432e-08      0.0008
 0.00311111 3.30432e-08  0.00077037
 0.00311111 3.30432e-08 0.000740741
 0.00311111 3.30432e-08 0.000711111
 0.00311111 3.30432e-08 0.000681481
 0.00311111 3.30432e-08 0.000651852
 0.00311111 3.30432e-08 0.000622222
 0.00311111 3.30432e-08 0.000592593
 0.00311111 3.30432e-08 0.000562963
 0.00311111 3.30432e-08 0.000533333
 0.00311111 3.30432e-08 0.000503704
 0.00311111 3.30432e-08 0.000474074
 0.00311111 3.30432e-08 0.000444444
 0.00311111 3.30432e-08 0.000414815
 0.00311111 3.30432e-08 0.000385185
 0.00311111 3.30432e-08 0.000355556
 0.00311111 3.30432e-08 0.000325926
 0.00311111 3.30432e-08 0.000296296
 0.00311111 3.30432e-08 0.000266667
 0.00311111 3.30432e-08 0.000237037
 0.00311111 3.30432e-08 0.000207407
 0.00311111 3.30432e-08 0.000177778
 0.00311111 3.30432e-08 0.000148148
 0.00311111 3.30432e-08 0.000118519
 0.00311111 3.30432e-08 8.88889e-05
 0.00311111 3.30432e-08 5.92593e-05
 0.00311111 3.30432e-08 2.96296e-05
 0.00311111 3.30432e-08           0
  0.00311111  3.30432e-08 -2.96296e-05
  0.00311111  3.30432e-08 -5.92593e-05
  0.00311111  3.30432e-08 -8.88889e-05
  0.00311111  3.30432e-08 -0.000118519
  0.00311111  3.30432e-08 -0.000148148
  0.00311111  3.30432e-08 -0.000177778
  0.00311111  3.30432e-08 -0.000207407
  0.00311111  3.30432e-08 -0.000237037
  0.00311111  3.30432e-08 -0.000266667
  0.00311111  3.30432e-08 -0.000296296
  0.00311111  3.30432e-08 -0.000325926
  0.00311111  3.30432e-08 -0.000355556
  0.00311111  3.30432e-08 -0.000385185
  0.00311111  3.30432e-08 -0.000414815
  0.00311111  3.30432e-08 -0.000444444
  0.00311111  3.30432e-08 -0.000474074
  0.00311111  3.30432e-08 -0.000503704
  0.00311111  3.30432e-08 -0.000533333
  0.00311111  3.30432e-08 -0.000562963
  0.00311111  3.30432e-08 -0.000592593
  0.00311111  3.30432e-08 -0.000622222
  0.00311111  3.30432e-08 -0.000651852
  0.00311111  3.30432e-08 -0.000681481
  0.00311111  3.30432e-08 -0.000711111
  0.00311111  3.30432e-08 -0.000740741
 0.00311111 3.30432e-08 -0.00077037
 0.00311111 3.30432e-08     -0.0008
 0.00311111 3.30432e-08 -0.00082963
  0.00311111  3.30432e-08 -0.000859259
  0.00311111  3.30432e-08 -0.000888889
  0.00311111  3.30432e-08 -0.000918519
  0.00311111  3.30432e-08 -0.000948148
  0.00311111  3.30432e-08 -0.000977778
 0.00311111 3.30432e-08 -0.00100741
 0.00311111 3.30432e-08 -0.00103704
 0.00311111 3.30432e-08 -0.00106667
 0.00311111 3.30432e-08  -0.0010963
 0.00311111 3.30432e-08 -0.00112593
 0.00311111 3.30432e-08 -0.00115556
 0.00311111 3.30432e-08 -0.00118519
 0.00311111 3.30432e-08 -0.00121481
 0.00311111 3.30432e-08 -0.00124444
 0.00311111 3.30432e-08 -0.00127407
 0.00311111 3.30432e-08  -0.0013037
0 0 0
0 0 0
0 0 0
0 0 0
0 0 0
0 0 0
0 0 0
0 0 0
0 0 0
0 0 0
0 0 0
0 0 0
0 0 0
0 0 0
0 0 0
0 0 0
0 0 0
0 0 0
0 0 0
0 0 0
0 0 0
0 0 0
0 0 0
0 0 0
0 0 0
0 0 0
0 0 0
0 0 0
0 0 0
0 0 0
0 0 0
0 0 0
0 0 0
0 0 0
0 0 0
0 0 0
0 0 0
0 0 0
0 0 0
0 0 0
0 0 0
0 0 0
0 0 0
0 0 0
0 0 0
0 0 0
0 0 0
0 0 0
0 0 0
0 0 0
0 0 0
0 0 0
0 0 0
0 0 0
0 0 0
0 0 0
0 0 0
0 0 0
0 0 0
0 0 0
0 0 0
0 0 0
0 0 0
0 0 0
0 0 0
0 0 0
0 0 0
0 0 0
0 0 0
0 0 0
0 0 0
0 0 0
0 0 0
0 0 0
0 0 0
0 0 0
0 0 0
0 0 0
0 0 0
0 0 0
0 0 0
0 0 0
0 0 0
0 0 0
0 0 0
0 0 0
0 0 0
0 0 0
0 0 0
0 0 0
0 0 0
0 0 0
0 0 0
0 0 0
0 0 0
0 0 0
0 0 0
0 0 0
0 0 0
0 0 0
0 0 0
0 0 0
0 0 0
0 0 0
0 0 0
0 0 0
0 0 0
0 0 0
0 0 0
0 0 0
0 0 0
0 0 0
0 0 0
0 0 0
0 0 0
0 0 0
0 0 0
0 0 0
0 0 0
0 0 0
0 0 0
0 0 0
0 0 0
0 0 0
0 0 0
0 0 0
0 0 0
0 0 0
0 0 0
0 0 0
0 0 0
0 0 0
0 0 0
0 0 0
0 0 0
0 0 0
0 0 0
0 0 0
0 0 0
0 0 0
0 0 0
0 0 0
0 0 0
0 0 0
0 0 0
0 0 0
0 0 0
0 0 0
0 0 0
0 0 0
0 0 0
 0.00533333 1.85037e-18   0.0013037
 0.00533333 1.85037e-18  0.00127407
 0.00533333 1.85037e-18  0.00124444
 0.00533333 1.85037e-18  0.00121481
 0.00533333 1.85037e-18  0.00118519
 0.00533333 1.85037e-18  0.00115556
 0.00533333 1.85037e-18  0.00112593
 0.00533333 1.85037e-18   0.0010963
 0.00533333 1.85037e-18  0.00106667
 0.00533333 1.85037e-18  0.00103704
 0.00533333 1.85037e-18  0.00100741
 0.00533333 1.85037e-18 0.000977778
 0.00533333 1.85037e-18 0.000948148
 0.00533333 1.85037e-18 0.000918519
 0.00533333 1.85037e-18 0.000888889
 0.00533333 1.85037e-18 0.000859259
 0.00533333 1.85037e-18  0.00082963
 0.00533333 1.85037e-18      0.0008
 0.00533333 1.85037e-18  0.00077037
 0.00533333 1.85037e-18 0.000740741
 0.00533333 1.85037e-18 0.000711111
 0.00533333 1.85037e-18 0.000681481
 0.00533333 1.85037e-18 0.000651852
 0.00533333 1.85037e-18 0.000622222
 0.00533333 1.85037e-18 0.000592593
 0.00533333 1.85037e-18 0.000562963
 0.00533333 1.85037e-18 0.000533333
 0.00533333 1.85037e-18 0.000503704
 0.00533333 1.85037e-18 0.000474074
 0.00533333 1.85037e-18 0.000444444
 0.00533333 1.85037e-18 0.000414815
 0.00533333 1.85037e-18 0.000385185
 0.00533333 1.85037e-18 0.000355556
 0.00533333 1.85037e-18 0.000325926
 0.00533333 1.85037e-18 0.000296296
 0.00533333 1.85037e-18 0.000266667
 0.00533333 1.85037e-18 0.000237037
 0.00533333 1.85037e-18 0.000207407
 0.00533333 1.85037e-18 0.000177778
 0.00533333 1.85037e-18 0.000148148
 0.00533333 1.85037e-18 0.000118519
 0.00533333 1.85037e-18 8.88889e-05
 0.00533333 1.85037e-18 5.92593e-05
 0.00533333 1.85037e-18 2.96296e-05
 0.00533333 1.85037e-18           0
  0.00533333  1.85037e-18 -2.96296e-05
  0.00533333  1.85037e-18 -5.92593e-05
  0.00533333  1.85037e-18 -8.88889e-05
  0.00533333  1.85037e-18 -0.000118519
  0.00533333  1.85037e-18 -0.000148148
  0.00533333  1.85037e-18 -0.000177778
  0.00533333  1.85037e-18 -0.000207407
  0.00533333  1.85037e-18 -0.000237037
  0.00533333  1.85037e-18 -0.000266667
  0.00533333  1.85037e-18 -0.000296296
  0.00533333  1.85037e-18 -0.000325926
  0.00533333  1.85037e-18 -0.000355556
  0.00533333  1.85037e-18 -0.000385185
  0.00533333  1.85037e-18 -0.000414815
  0.00533333  1.85037e-18 -0.000444444
  0.00533333  1.85037e-18 -0.000474074
  0.00533333  1.85037e-18 -0.000503704
  0.00533333  1.85037e-18 -0.000533333
  0.00533333  1.85037e-18 -0.000562963
  0.00533333  1.85037e-18 -0.000592593
  0.00533333  1.85037e-18 -0.000622222
  0.00533333  1.85037e-18 -0.000651852
  0.00533333  1.85037e-18 -0.000681481
  0.00533333  1.85037e-18 -0.000711111
  0.00533333  1.85037e-18 -0.000740741
 0.00533333 1.85037e-18 -0.00077037
 0.00533333 1.85037e-18     -0.0008
 0.00533333 1.85037e-18 -0.00082963
  0.00533333  1.85037e-18 -0.000859259
  0.00533333  1.85037e-18 -0.000888889
  0.00533333  1.85037e-18 -0.000918519
  0.00533333  1.85037e-18 -0.000948148
  0.00533333  1.85037e-18 -0.000977778
 0.00533333 1.85037e-18 -0.00100741
 0.00533333 1.85037e-18 -0.00103704
 0.00533333 1.85037e-18 -0.00106667
 0.00533333 1.85037e-18  -0.0010963
 0.00533333 1.85037e-18 -0.00112593
 0.00533333 1.85037e-18 -0.00115556
 0.00533333 1.85037e-18 -0.00118519
 0.00533333 1.85037e-18 -0.00121481
 0.00533333 1.85037e-18 -0.00124444
 0.00533333 1.85037e-18 -0.00127407
 0.00533333 1.85037e-18  -0.0013037
0 0 0
0 0 0
0 0 0
0 0 0
0 0 0
0 0 0
0 0 0
0 0 0
0 0 0
0 0 0
0 0 0
0 0 0
0 0 0
0 0 0
0 0 0
0 0 0
0 0 0
0 0 0
0 0 0
0 0 0
0 0 0
0 0 0
0 0 0
0 0 0
0 0 0
0 0 0
0 0 0
0 0 0
0 0 0
0 0 0
0 0 0
0 0 0
0 0 0
0 0 0
0 0 0
0 0 0
0 0 0
0 0 0
0 0 0
0 0 0
0 0 0
0 0 0
0 0 0
0 0 0
0 0 0
0 0 0
0 0 0
0 0 0
0 0 0
0 0 0
0 0 0
0 0 0
0 0 0
0 0 0
0 0 0
0 0 0
0 0 0
0 0 0
0 0 0
0 0 0
0 0 0
0 0 0
0 0 0
0 0 0
0 0 0
0 0 0
0 0 0
0 0 0
0 0 0
0 0 0
0 0 0
0 0 0
0 0 0
0 0 0
0 0 0
0 0 0
0 0 0
0 0 0
0 0 0
0 0 0
0 0 0
0 0 0
0 0 0
0 0 0
0 0 0
0 0 0
0 0 0
0 0 0
0 0 0
0 0 0
0 0 0
0 0 0
0 0 0
0 0 0
0 0 0
0 0 0
0 0 0
0 0 0
0 0 0
0 0 0
0 0 0
0 0 0
0 0 0
0 0 0
0 0 0
0 0 0
0 0 0
0 0 0
0 0 0
0 0 0
0 0 0
0 0 0
0 0 0
0 0 0
0 0 0
0 0 0
0 0 0
0 0 0
0 0 0
0 0 0
0 0 0
0 0 0
0 0 0
0 0 0
0 0 0
0 0 0
0 0 0
0 0 0
0 0 0
0 0 0
0 0 0
0 0 0
0 0 0
0 0 0
0 0 0
0 0 0
0 0 0
0 0 0
0 0 0
0 0 0
0 0 0
0 0 0
0 0 0
0 0 0
0 0 0
0 0 0
0 0 0
0 0 0
0 0 0
0 0 0
0 0 0
 0.00533333 2.00457e-18   0.0013037
 0.00533333 2.00457e-18  0.00127407
 0.00533333 2.00457e-18  0.00124444
 0.00533333 2.00457e-18  0.00121481
 0.00533333 2.00457e-18  0.00118519
 0.00533333 2.00457e-18  0.00115556
 0.00533333 2.00457e-18  0.00112593
 0.00533333 2.00457e-18   0.0010963
 0.00533333 2.00457e-18  0.00106667
 0.00533333 2.00457e-18  0.00103704
 0.00533333 2.00457e-18  0.00100741
 0.00533333 2.00457e-18 0.000977778
 0.00533333 2.00457e-18 0.000948148
 0.00533333 2.00457e-18 0.000918519
 0.00533333 2.00457e-18 0.000888889
 0.00533333 2.00457e-18 0.000859259
 0.00533333 2.00457e-18  0.00082963
 0.00533333 2.00457e-18      0.0008
 0.00533333 2.00457e-18  0.00077037
 0.00533333 2.00457e-18 0.000740741
 0.00533333 2.00457e-18 0.000711111
 0.00533333 2.00457e-18 0.000681481
 0.00533333 2.00457e-18 0.000651852
 0.00533333 2.00457e-18 0.000622222
 0.00533333 2.00457e-18 0.000592593
 0.00533333 2.00457e-18 0.000562963
 0.00533333 2.00457e-18 0.000533333
 0.00533333 2.00457e-18 0.000503704
 0.00533333 2.00457e-18 0.000474074
 0.00533333 2.00457e-18 0.000444444
 0.00533333 2.00457e-18 0.000414815
 0.00533333 2.00457e-18 0.000385185
 0.00533333 2.00457e-18 0.000355556
 0.00533333 2.00457e-18 0.000325926
 0.00533333 2.00457e-18 0.000296296
 0.00533333 2.00457e-18 0.000266667
 0.00533333 2.00457e-18 0.000237037
 0.00533333 2.00457e-18 0.000207407
 0.00533333 2.00457e-18 0.000177778
 0.00533333 2.00457e-18 0.000148148
 0.00533333 2.00457e-18 0.000118519
 0.00533333 2.00457e-18 8.88889e-05
 0.00533333 2.00457e-18 5.92593e-05
 0.00533333 2.00457e-18 2.96296e-05
 0.00533333 2.00457e-18           0
  0.00533333  2.00457e-18 -2.96296e-05
  0.00533333  2.00457e-18 -5.92593e-05
  0.00533333  2.00457e-18 -8.88889e-05
  0.00533333  2.00457e-18 -0.000118519
  0.00533333  2.00457e-18 -0.000148148
  0.00533333  2.00457e-18 -0.000177778
  0.00533333  2.00457e-18 -0.000207407
  0.00533333  2.00457e-18 -0.000237037
  0.00533333  2.00457e-18 -0.000266667
  0.00533333  2.00457e-18 -0.000296296
  0.00533333  2.00457e-18 -0.000325926
  0.00533333  2.00457e-18 -0.000355556
  0.00533333  2.00457e-18 -0.000385185
  0.00533333  2.00457e-18 -0.000414815
  0.00533333  2.00457e-18 -0.000444444
  0.00533333  2.00457e-18 -0.000474074
  0.00533333  2.00457e-18 -0.000503704
  0.00533333  2.00457e-18 -0.000533333
  0.00533333  2.00457e-18 -0.000562963
  0.00533333  2.00457e-18 -0.000592593
  0.00533333  2.00457e-18 -0.000622222
  0.00533333  2.00457e-18 -0.000651852
  0.00533333  2.00457e-18 -0.000681481
  0.00533333  2.00457e-18 -0.000711111
  0.00533333  2.00457e-18 -0.000740741
 0.00533333 2.00457e-18 -0.00077037
 0.00533333 2.00457e-18     -0.0008
 0.00533333 2.00457e-18 -0.00082963
  0.00533333  2.00457e-18 -0.000859259
  0.00533333  2.00457e-18 -0.000888889
  0.00533333  2.00457e-18 -0.000918519
  0.00533333  2.00457e-18 -0.000948148
  0.00533333  2.00457e-18 -0.000977778
 0.00533333 2.00457e-18 -0.00100741
 0.00533333 2.00457e-18 -0.00103704
 0.00533333 2.00457e-18 -0.00106667
 0.00533333 2.00457e-18  -0.0010963
 0.00533333 2.00457e-18 -0.00112593
 0.00533333 2.00457e-18 -0.00115556
 0.00533333 2.00457e-18 -0.00118519
 0.00533333 2.00457e-18 -0.00121481
 0.00533333 2.00457e-18 -0.00124444
 0.00533333 2.00457e-18 -0.00127407
 0.00533333 2.00457e-18  -0.0013037
0 0 0
0 0 0
0 0 0
0 0 0
0 0 0
0 0 0
0 0 0
0 0 0
0 0 0
0 0 0
0 0 0
0 0 0
0 0 0
0 0 0
0 0 0
0 0 0
0 0 0
0 0 0
0 0 0
0 0 0
0 0 0
0 0 0
0 0 0
0 0 0
0 0 0
0 0 0
0 0 0
0 0 0
0 0 0
0 0 0
0 0 0
0 0 0
0 0 0
0 0 0
0 0 0
0 0 0
0 0 0
0 0 0
0 0 0
0 0 0
0 0 0
0 0 0
0 0 0
0 0 0
0 0 0
0 0 0
0 0 0
0 0 0
0 0 0
0 0 0
0 0 0
0 0 0
0 0 0
0 0 0
0 0 0
0 0 0
0 0 0
0 0 0
0 0 0
0 0 0
0 0 0
0 0 0
0 0 0
0 0 0
0 0 0
0 0 0
0 0 0
0 0 0
0 0 0
0 0 0
0 0 0
0 0 0
0 0 0
0 0 0
0 0 0
0 0 0
0 0 0
0 0 0
0 0 0
0 0 0
0 0 0
0 0 0
0 0 0
0 0 0
0 0 0
0 0 0
0 0 0
0 0 0
0 0 0
0 0 0
0 0 0
0 0 0
0 0 0
0 0 0
0 0 0
0 0 0
0 0 0
0 0 0
0 0 0
0 0 0
0 0 0
0 0 0
0 0 0
0 0 0
0 0 0
0 0 0
0 0 0
0 0 0
0 0 0
0 0 0
0 0 0
0 0 0
0 0 0
0 0 0
0 0 0
0 0 0
0 0 0
0 0 0
0 0 0
0 0 0
0 0 0
0 0 0
0 0 0
0 0 0
0 0 0
0 0 0
0 0 0
0 0 0
0 0 0
0 0 0
0 0 0
0 0 0
0 0 0
0 0 0
0 0 0
0 0 0
0 0 0
0 0 0
0 0 0
0 0 0
0 0 0
0 0 0
0 0 0
0 0 0
0 0 0
0 0 0
0 0 0
0 0 0
0 0 0
0 0 0
0 0 0
 0.00533333 2.00457e-18   0.0013037
 0.00533333 2.00457e-18  0.00127407
 0.00533333 2.00457e-18  0.00124444
 0.00533333 2.00457e-18  0.00121481
 0.00533333 2.00457e-18  0.00118519
 0.00533333 2.00457e-18  0.00115556
 0.00533333 2.00457e-18  0.00112593
 0.00533333 2.00457e-18   0.0010963
 0.00533333 2.00457e-18  0.00106667
 0.00533333 2.00457e-18  0.00103704
 0.00533333 2.00457e-18  0.00100741
 0.00533333 2.00457e-18 0.000977778
 0.00533333 2.00457e-18 0.000948148
 0.00533333 2.00457e-18 0.000918519
 0.00533333 2.00457e-18 0.000888889
 0.00533333 2.00457e-18 0.000859259
 0.00533333 2.00457e-18  0.00082963
 0.00533333 2.00457e-18      0.0008
 0.00533333 2.00457e-18  0.00077037
 0.00533333 2.00457e-18 0.000740741
 0.00533333 2.00457e-18 0.000711111
 0.00533333 2.00457e-18 0.000681481
 0.00533333 2.00457e-18 0.000651852
 0.00533333 2.00457e-18 0.000622222
 0.00533333 2.00457e-18 0.000592593
 0.00533333 2.00457e-18 0.000562963
 0.00533333 2.00457e-18 0.000533333
 0.00533333 2.00457e-18 0.000503704
 0.00533333 2.00457e-18 0.000474074
 0.00533333 2.00457e-18 0.000444444
 0.00533333 2.00457e-18 0.000414815
 0.00533333 2.00457e-18 0.000385185
 0.00533333 2.00457e-18 0.000355556
 0.00533333 2.00457e-18 0.000325926
 0.00533333 2.00457e-18 0.000296296
 0.00533333 2.00457e-18 0.000266667
 0.00533333 2.00457e-18 0.000237037
 0.00533333 2.00457e-18 0.000207407
 0.00533333 2.00457e-18 0.000177778
 0.00533333 2.00457e-18 0.000148148
 0.00533333 2.00457e-18 0.000118519
 0.00533333 2.00457e-18 8.88889e-05
 0.00533333 2.00457e-18 5.92593e-05
 0.00533333 2.00457e-18 2.96296e-05
 0.00533333 2.00457e-18           0
  0.00533333  2.00457e-18 -2.96296e-05
  0.00533333  2.00457e-18 -5.92593e-05
  0.00533333  2.00457e-18 -8.88889e-05
  0.00533333  2.00457e-18 -0.000118519
  0.00533333  2.00457e-18 -0.000148148
  0.00533333  2.00457e-18 -0.000177778
  0.00533333  2.00457e-18 -0.000207407
  0.00533333  2.00457e-18 -0.000237037
  0.00533333  2.00457e-18 -0.000266667
  0.00533333  2.00457e-18 -0.000296296
  0.00533333  2.00457e-18 -0.000325926
  0.00533333  2.00457e-18 -0.000355556
  0.00533333  2.00457e-18 -0.000385185
  0.00533333  2.00457e-18 -0.000414815
  0.00533333  2.00457e-18 -0.000444444
  0.00533333  2.00457e-18 -0.000474074
  0.00533333  2.00457e-18 -0.000503704
  0.00533333  2.00457e-18 -0.000533333
  0.00533333  2.00457e-18 -0.000562963
  0.00533333  2.00457e-18 -0.000592593
  0.00533333  2.00457e-18 -0.000622222
  0.00533333  2.00457e-18 -0.000651852
  0.00533333  2.00457e-18 -0.000681481
  0.00533333  2.00457e-18 -0.000711111
  0.00533333  2.00457e-18 -0.000740741
 0.00533333 2.00457e-18 -0.00077037
 0.00533333 2.00457e-18     -0.0008
 0.00533333 2.00457e-18 -0.00082963
  0.00533333  2.00457e-18 -0.000859259
  0.00533333  2.00457e-18 -0.000888889
  0.00533333  2.00457e-18 -0.000918519
  0.00533333  2.00457e-18 -0.000948148
  0.00533333  2.00457e-18 -0.000977778
 0.00533333 2.00457e-18 -0.00100741
 0.00533333 2.00457e-18 -0.00103704
 0.00533333 2.00457e-18 -0.00106667
 0.00533333 2.00457e-18  -0.0010963
 0.00533333 2.00457e-18 -0.00112593
 0.00533333 2.00457e-18 -0.00115556
 0.00533333 2.00457e-18 -0.00118519
 0.00533333 2.00457e-18 -0.00121481
 0.00533333 2.00457e-18 -0.00124444
 0.00533333 2.00457e-18 -0.00127407
 0.00533333 2.00457e-18  -0.0013037
0 0 0
0 0 0
0 0 0
0 0 0
0 0 0
0 0 0
0 0 0
0 0 0
0 0 0
0 0 0
0 0 0
0 0 0
0 0 0
0 0 0
0 0 0
0 0 0
0 0 0
0 0 0
0 0 0
0 0 0
0 0 0
0 0 0
0 0 0
0 0 0
0 0 0
0 0 0
0 0 0
0 0 0
0 0 0
0 0 0
0 0 0
0 0 0
0 0 0
0 0 0
0 0 0
0 0 0
0 0 0
0 0 0
0 0 0
0 0 0
0 0 0
0 0 0
0 0 0
0 0 0
0 0 0
0 0 0
0 0 0
0 0 0
0 0 0
0 0 0
0 0 0
0 0 0
0 0 0
0 0 0
0 0 0
0 0 0
0 0 0
0 0 0
0 0 0
0 0 0
0 0 0
0 0 0
0 0 0
0 0 0
0 0 0
0 0 0
0 0 0
0 0 0
0 0 0
0 0 0
0 0 0
0 0 0
0 0 0
0 0 0
0 0 0
0 0 0
0 0 0
0 0 0
0 0 0
0 0 0
0 0 0
0 0 0
0 0 0
0 0 0
0 0 0
0 0 0
0 0 0
0 0 0
0 0 0
0 0 0
0 0 0
0 0 0
0 0 0
0 0 0
0 0 0
0 0 0
0 0 0
0 0 0
0 0 0
0 0 0
0 0 0
0 0 0
0 0 0
0 0 0
0 0 0
0 0 0
0 0 0
0 0 0
0 0 0
0 0 0
0 0 0
0 0 0
0 0 0
0 0 0
0 0 0
0 0 0
0 0 0
0 0 0
0 0 0
0 0 0
0 0 0
0 0 0
0 0 0
0 0 0
0 0 0
0 0 0
0 0 0
0 0 0
0 0 0
0 0 0
0 0 0
0 0 0
0 0 0
0 0 0
0 0 0
0 0 0
0 0 0
0 0 0
0 0 0
0 0 0
0 0 0
0 0 0
0 0 0
0 0 0
0 0 0
0 0 0
0 0 0
0 0 0
0 0 0
0 0 0
0 0 0
 0.00533333 2.00457e-18   0.0013037
 0.00533333 2.00457e-18  0.00127407
 0.00533333 2.00457e-18  0.00124444
 0.00533333 2.00457e-18  0.00121481
 0.00533333 2.00457e-18  0.00118519
 0.00533333 2.00457e-18  0.00115556
 0.00533333 2.00457e-18  0.00112593
 0.00533333 2.00457e-18   0.0010963
 0.00533333 2.00457e-18  0.00106667
 0.00533333 2.00457e-18  0.00103704
 0.00533333 2.00457e-18  0.00100741
 0.00533333 2.00457e-18 0.000977778
 0.00533333 2.00457e-18 0.000948148
 0.00533333 2.00457e-18 0.000918519
 0.00533333 2.00457e-18 0.000888889
 0.00533333 2.00457e-18 0.000859259
 0.00533333 2.00457e-18  0.00082963
 0.00533333 2.00457e-18      0.0008
 0.00533333 2.00457e-18  0.00077037
 0.00533333 2.00457e-18 0.000740741
 0.00533333 2.00457e-18 0.000711111
 0.00533333 2.00457e-18 0.000681481
 0.00533333 2.00457e-18 0.000651852
 0.00533333 2.00457e-18 0.000622222
 0.00533333 2.00457e-18 0.000592593
 0.00533333 2.00457e-18 0.000562963
 0.00533333 2.00457e-18 0.000533333
 0.00533333 2.00457e-18 0.000503704
 0.00533333 2.00457e-18 0.000474074
 0.00533333 2.00457e-18 0.000444444
 0.00533333 2.00457e-18 0.000414815
 0.00533333 2.00457e-18 0.000385185
 0.00533333 2.00457e-18 0.000355556
 0.00533333 2.00457e-18 0.000325926
 0.00533333 2.00457e-18 0.000296296
 0.00533333 2.00457e-18 0.000266667
 0.00533333 2.00457e-18 0.000237037
 0.00533333 2.00457e-18 0.000207407
 0.00533333 2.00457e-18 0.000177778
 0.00533333 2.00457e-18 0.000148148
 0.00533333 2.00457e-18 0.000118519
 0.00533333 2.00457e-18 8.88889e-05
 0.00533333 2.00457e-18 5.92593e-05
 0.00533333 2.00457e-18 2.96296e-05
 0.00533333 2.00457e-18           0
  0.00533333  2.00457e-18 -2.96296e-05
  0.00533333  2.00457e-18 -5.92593e-05
  0.00533333  2.00457e-18 -8.88889e-05
  0.00533333  2.00457e-18 -0.000118519
  0.00533333  2.00457e-18 -0.000148148
  0.00533333  2.00457e-18 -0.000177778
  0.00533333  2.00457e-18 -0.000207407
  0.00533333  2.00457e-18 -0.000237037
  0.00533333  2.00457e-18 -0.000266667
  0.00533333  2.00457e-18 -0.000296296
  0.00533333  2.00457e-18 -0.000325926
  0.00533333  2.00457e-18 -0.000355556
  0.00533333  2.00457e-18 -0.000385185
  0.00533333  2.00457e-18 -0.000414815
  0.00533333  2.00457e-18 -0.000444444
  0.00533333  2.00457e-18 -0.000474074
  0.00533333  2.00457e-18 -0.000503704
  0.00533333  2.00457e-18 -0.000533333
  0.00533333  2.00457e-18 -0.000562963
  0.00533333  2.00457e-18 -0.000592593
  0.00533333  2.00457e-18 -0.000622222
  0.00533333  2.00457e-18 -0.000651852
  0.00533333  2.00457e-18 -0.000681481
  0.00533333  2.00457e-18 -0.000711111
  0.00533333  2.00457e-18 -0.000740741
 0.00533333 2.00457e-18 -0.00077037
 0.00533333 2.00457e-18     -0.0008
 0.00533333 2.00457e-18 -0.00082963
  0.00533333  2.00457e-18 -0.000859259
  0.00533333  2.00457e-18 -0.000888889
  0.00533333  2.00457e-18 -0.000918519
  0.00533333  2.00457e-18 -0.000948148
  0.00533333  2.00457e-18 -0.000977778
 0.00533333 2.00457e-18 -0.00100741
 0.00533333 2.00457e-18 -0.00103704
 0.00533333 2.00457e-18 -0.00106667
 0.00533333 2.00457e-18  -0.0010963
 0.00533333 2.00457e-18 -0.00112593
 0.00533333 2.00457e-18 -0.00115556
 0.00533333 2.00457e-18 -0.00118519
 0.00533333 2.00457e-18 -0.00121481
 0.00533333 2.00457e-18 -0.00124444
 0.00533333 2.00457e-18 -0.00127407
 0.00533333 2.00457e-18  -0.0013037
0 0 0
0 0 0
0 0 0
0 0 0
0 0 0
0 0 0
0 0 0
0 0 0
0 0 0
0 0 0
0 0 0
0 0 0
0 0 0
0 0 0
0 0 0
0 0 0
0 0 0
0 0 0
0 0 0
0 0 0
0 0 0
0 0 0
0 0 0
0 0 0
0 0 0
0 0 0
0 0 0
0 0 0
0 0 0
0 0 0
0 0 0
0 0 0
0 0 0
0 0 0
0 0 0
0 0 0
0 0 0
0 0 0
0 0 0
0 0 0
0 0 0
0 0 0
0 0 0
0 0 0
0 0 0
0 0 0
0 0 0
0 0 0
0 0 0
0 0 0
0 0 0
0 0 0
0 0 0
0 0 0
0 0 0
0 0 0
0 0 0
0 0 0
0 0 0
0 0 0
0 0 0
0 0 0
0 0 0
0 0 0
0 0 0
0 0 0
0 0 0
0 0 0
0 0 0
0 0 0
0 0 0
0 0 0
0 0 0
0 0 0
0 0 0
0 0 0
0 0 0
0 0 0
0 0 0
0 0 0
0 0 0
0 0 0
0 0 0
0 0 0
0 0 0
0 0 0
0 0 0
0 0 0
0 0 0
0 0 0
0 0 0
0 0 0
0 0 0
0 0 0
0 0 0
0 0 0
0 0 0
0 0 0
0 0 0
0 0 0
0 0 0
0 0 0
0 0 0
0 0 0
0 0 0
0 0 0
0 0 0
0 0 0
0 0 0
0 0 0
0 0 0
0 0 0
0 0 0
0 0 0
0 0 0
0 0 0
0 0 0
0 0 0
0 0 0
0 0 0
0 0 0
0 0 0
0 0 0
0 0 0
0 0 0
0 0 0
0 0 0
0 0 0
0 0 0
0 0 0
0 0 0
0 0 0
0 0 0
0 0 0
0 0 0
0 0 0
0 0 0
0 0 0
0 0 0
0 0 0
0 0 0
0 0 0
0 0 0
0 0 0
0 0 0
0 0 0
0 0 0
0 0 0
0 0 0
0 0 0
0 0 0
 0.00533333 2.00457e-18   0.0013037
 0.00533333 2.00457e-18  0.00127407
 0.00533333 2.00457e-18  0.00124444
 0.00533333 2.00457e-18  0.00121481
 0.00533333 2.00457e-18  0.00118519
 0.00533333 2.00457e-18  0.00115556
 0.00533333 2.00457e-18  0.00112593
 0.00533333 2.00457e-18   0.0010963
 0.00533333 2.00457e-18  0.00106667
 0.00533333 2.00457e-18  0.00103704
 0.00533333 2.00457e-18  0.00100741
 0.00533333 2.00457e-18 0.000977778
 0.00533333 2.00457e-18 0.000948148
 0.00533333 2.00457e-18 0.000918519
 0.00533333 2.00457e-18 0.000888889
 0.00533333 2.00457e-18 0.000859259
 0.00533333 2.00457e-18  0.00082963
 0.00533333 2.00457e-18      0.0008
 0.00533333 2.00457e-18  0.00077037
 0.00533333 2.00457e-18 0.000740741
 0.00533333 2.00457e-18 0.000711111
 0.00533333 2.00457e-18 0.000681481
 0.00533333 2.00457e-18 0.000651852
 0.00533333 2.00457e-18 0.000622222
 0.00533333 2.00457e-18 0.000592593
 0.00533333 2.00457e-18 0.000562963
 0.00533333 2.00457e-18 0.000533333
 0.00533333 2.00457e-18 0.000503704
 0.00533333 2.00457e-18 0.000474074
 0.00533333 2.00457e-18 0.000444444
 0.00533333 2.00457e-18 0.000414815
 0.00533333 2.00457e-18 0.000385185
 0.00533333 2.00457e-18 0.000355556
 0.00533333 2.00457e-18 0.000325926
 0.00533333 2.00457e-18 0.000296296
 0.00533333 2.00457e-18 0.000266667
 0.00533333 2.00457e-18 0.000237037
 0.00533333 2.00457e-18 0.000207407
 0.00533333 2.00457e-18 0.000177778
 0.00533333 2.00457e-18 0.000148148
 0.00533333 2.00457e-18 0.000118519
 0.00533333 2.00457e-18 8.88889e-05
 0.00533333 2.00457e-18 5.92593e-05
 0.00533333 2.00457e-18 2.96296e-05
 0.00533333 2.00457e-18           0
  0.00533333  2.00457e-18 -2.96296e-05
  0.00533333  2.00457e-18 -5.92593e-05
  0.00533333  2.00457e-18 -8.88889e-05
  0.00533333  2.00457e-18 -0.000118519
  0.00533333  2.00457e-18 -0.000148148
  0.00533333  2.00457e-18 -0.000177778
  0.00533333  2.00457e-18 -0.000207407
  0.00533333  2.00457e-18 -0.000237037
  0.00533333  2.00457e-18 -0.000266667
  0.00533333  2.00457e-18 -0.000296296
  0.00533333  2.00457e-18 -0.000325926
  0.00533333  2.00457e-18 -0.000355556
  0.00533333  2.00457e-18 -0.000385185
  0.00533333  2.00457e-18 -0.000414815
  0.00533333  2.00457e-18 -0.000444444
  0.00533333  2.00457e-18 -0.000474074
  0.00533333  2.00457e-18 -0.000503704
  0.00533333  2.00457e-18 -0.000533333
  0.00533333  2.00457e-18 -0.000562963
  0.00533333  2.00457e-18 -0.000592593
  0.00533333  2.00457e-18 -0.000622222
  0.00533333  2.00457e-18 -0.000651852
  0.00533333  2.00457e-18 -0.000681481
  0.00533333  2.00457e-18 -0.000711111
  0.00533333  2.00457e-18 -0.000740741
 0.00533333 2.00457e-18 -0.00077037
 0.00533333 2.00457e-18     -0.0008
 0.00533333 2.00457e-18 -0.00082963
  0.00533333  2.00457e-18 -0.000859259
  0.00533333  2.00457e-18 -0.000888889
  0.00533333  2.00457e-18 -0.000918519
  0.00533333  2.00457e-18 -0.000948148
  0.00533333  2.00457e-18 -0.000977778
 0.00533333 2.00457e-18 -0.00100741
 0.00533333 2.00457e-18 -0.00103704
 0.00533333 2.00457e-18 -0.00106667
 0.00533333 2.00457e-18  -0.0010963
 0.00533333 2.00457e-18 -0.00112593
 0.00533333 2.00457e-18 -0.00115556
 0.00533333 2.00457e-18 -0.00118519
 0.00533333 2.00457e-18 -0.00121481
 0.00533333 2.00457e-18 -0.00124444
 0.00533333 2.00457e-18 -0.00127407
 0.00533333 2.00457e-18  -0.0013037
0 0 0
0 0 0
0 0 0
0 0 0
0 0 0
0 0 0
0 0 0
0 0 0
0 0 0
0 0 0
0 0 0
0 0 0
0 0 0
0 0 0
0 0 0
0 0 0
0 0 0
0 0 0
0 0 0
0 0 0
0 0 0
0 0 0
0 0 0
0 0 0
0 0 0
0 0 0
0 0 0
0 0 0
0 0 0
0 0 0
0 0 0
0 0 0
0 0 0
0 0 0
0 0 0
0 0 0
0 0 0
0 0 0
0 0 0
0 0 0
0 0 0
0 0 0
0 0 0
0 0 0
0 0 0
0 0 0
0 0 0
0 0 0
0 0 0
0 0 0
0 0 0
0 0 0
0 0 0
0 0 0
0 0 0
0 0 0
0 0 0
0 0 0
0 0 0
0 0 0
0 0 0
0 0 0
0 0 0
0 0 0
0 0 0
0 0 0
0 0 0
0 0 0
0 0 0
0 0 0
0 0 0
0 0 0
0 0 0
0 0 0
0 0 0
0 0 0
0 0 0
0 0 0
0 0 0
0 0 0
0 0 0
0 0 0
0 0 0
0 0 0
0 0 0
0 0 0
0 0 0
0 0 0
0 0 0
0 0 0
0 0 0
0 0 0
0 0 0
0 0 0
0 0 0
0 0 0
0 0 0
0 0 0
0 0 0
0 0 0
0 0 0
0 0 0
0 0 0
0 0 0
0 0 0
0 0 0
0 0 0
0 0 0
0 0 0
0 0 0
0 0 0
0 0 0
0 0 0
0 0 0
0 0 0
0 0 0
0 0 0
0 0 0
0 0 0
0 0 0
0 0 0
0 0 0
0 0 0
0 0 0
0 0 0
0 0 0
0 0 0
0 0 0
0 0 0
0 0 0
0 0 0
0 0 0
0 0 0
0 0 0
0 0 0
0 0 0
0 0 0
0 0 0
0 0 0
0 0 0
0 0 0
0 0 0
0 0 0
0 0 0
0 0 0
0 0 0
0 0 0
0 0 0
0 0 0
0 0 0
0 0 0
 0.00533333 2.00457e-18   0.0013037
 0.00533333 2.00457e-18  0.00127407
 0.00533333 2.00457e-18  0.00124444
 0.00533333 2.00457e-18  0.00121481
 0.00533333 2.00457e-18  0.00118519
 0.00533333 2.00457e-18  0.00115556
 0.00533333 2.00457e-18  0.00112593
 0.00533333 2.00457e-18   0.0010963
 0.00533333 2.00457e-18  0.00106667
 0.00533333 2.00457e-18  0.00103704
 0.00533333 2.00457e-18  0.00100741
 0.00533333 2.00457e-18 0.000977778
 0.00533333 2.00457e-18 0.000948148
 0.00533333 2.00457e-18 0.000918519
 0.00533333 2.00457e-18 0.000888889
 0.00533333 2.00457e-18 0.000859259
 0.00533333 2.00457e-18  0.00082963
 0.00533333 2.00457e-18      0.0008
 0.00533333 2.00457e-18  0.00077037
 0.00533333 2.00457e-18 0.000740741
 0.00533333 2.00457e-18 0.000711111
 0.00533333 2.00457e-18 0.000681481
 0.00533333 2.00457e-18 0.000651852
 0.00533333 2.00457e-18 0.000622222
 0.00533333 2.00457e-18 0.000592593
 0.00533333 2.00457e-18 0.000562963
 0.00533333 2.00457e-18 0.000533333
 0.00533333 2.00457e-18 0.000503704
 0.00533333 2.00457e-18 0.000474074
 0.00533333 2.00457e-18 0.000444444
 0.00533333 2.00457e-18 0.000414815
 0.00533333 2.00457e-18 0.000385185
 0.00533333 2.00457e-18 0.000355556
 0.00533333 2.00457e-18 0.000325926
 0.00533333 2.00457e-18 0.000296296
 0.00533333 2.00457e-18 0.000266667
 0.00533333 2.00457e-18 0.000237037
 0.00533333 2.00457e-18 0.000207407
 0.00533333 2.00457e-18 0.000177778
 0.00533333 2.00457e-18 0.000148148
 0.00533333 2.00457e-18 0.000118519
 0.00533333 2.00457e-18 8.88889e-05
 0.00533333 2.00457e-18 5.92593e-05
 0.00533333 2.00457e-18 2.96296e-05
 0.00533333 2.00457e-18           0
  0.00533333  2.00457e-18 -2.96296e-05
  0.00533333  2.00457e-18 -5.92593e-05
  0.00533333  2.00457e-18 -8.88889e-05
  0.00533333  2.00457e-18 -0.000118519
  0.00533333  2.00457e-18 -0.000148148
  0.00533333  2.00457e-18 -0.000177778
  0.00533333  2.00457e-18 -0.000207407
  0.00533333  2.00457e-18 -0.000237037
  0.00533333  2.00457e-18 -0.000266667
  0.00533333  2.00457e-18 -0.000296296
  0.00533333  2.00457e-18 -0.000325926
  0.00533333  2.00457e-18 -0.000355556
  0.00533333  2.00457e-18 -0.000385185
  0.00533333  2.00457e-18 -0.000414815
  0.00533333  2.00457e-18 -0.000444444
  0.00533333  2.00457e-18 -0.000474074
  0.00533333  2.00457e-18 -0.000503704
  0.00533333  2.00457e-18 -0.000533333
  0.00533333  2.00457e-18 -0.000562963
  0.00533333  2.00457e-18 -0.000592593
  0.00533333  2.00457e-18 -0.000622222
  0.00533333  2.00457e-18 -0.000651852
  0.00533333  2.00457e-18 -0.000681481
  0.00533333  2.00457e-18 -0.000711111
  0.00533333  2.00457e-18 -0.000740741
 0.00533333 2.00457e-18 -0.00077037
 0.00533333 2.00457e-18     -0.0008
 0.00533333 2.00457e-18 -0.00082963
  0.00533333  2.00457e-18 -0.000859259
  0.00533333  2.00457e-18 -0.000888889
  0.00533333  2.00457e-18 -0.000918519
  0.00533333  2.00457e-18 -0.000948148
  0.00533333  2.00457e-18 -0.000977778
 0.00533333 2.00457e-18 -0.00100741
 0.00533333 2.00457e-18 -0.00103704
 0.00533333 2.00457e-18 -0.00106667
 0.00533333 2.00457e-18  -0.0010963
 0.00533333 2.00457e-18 -0.00112593
 0.00533333 2.00457e-18 -0.00115556
 0.00533333 2.00457e-18 -0.00118519
 0.00533333 2.00457e-18 -0.00121481
 0.00533333 2.00457e-18 -0.00124444
 0.00533333 2.00457e-18 -0.00127407
 0.00533333 2.00457e-18  -0.0013037
0 0 0
0 0 0
0 0 0
0 0 0
0 0 0
0 0 0
0 0 0
0 0 0
0 0 0
0 0 0
0 0 0
0 0 0
0 0 0
0 0 0
0 0 0
0 0 0
0 0 0
0 0 0
0 0 0
0 0 0
0 0 0
0 0 0
0 0 0
0 0 0
0 0 0
0 0 0
0 0 0
0 0 0
0 0 0
0 0 0
0 0 0
0 0 0
0 0 0
0 0 0
0 0 0
0 0 0
0 0 0
0 0 0
0 0 0
0 0 0
0 0 0
0 0 0
0 0 0
0 0 0
0 0 0
0 0 0
0 0 0
0 0 0
0 0 0
0 0 0
0 0 0
0 0 0
0 0 0
0 0 0
0 0 0
0 0 0
0 0 0
0 0 0
0 0 0
0 0 0
0 0 0
0 0 0
0 0 0
0 0 0
0 0 0
0 0 0
0 0 0
0 0 0
0 0 0
0 0 0
0 0 0
0 0 0
0 0 0
0 0 0
0 0 0
0 0 0
0 0 0
0 0 0
0 0 0
0 0 0
0 0 0
0 0 0
0 0 0
0 0 0
0 0 0
0 0 0
0 0 0
0 0 0
0 0 0
0 0 0
0 0 0
0 0 0
0 0 0
0 0 0
0 0 0
0 0 0
0 0 0
0 0 0
0 0 0
0 0 0
0 0 0
0 0 0
0 0 0
0 0 0
0 0 0
0 0 0
0 0 0
0 0 0
0 0 0
0 0 0
0 0 0
0 0 0
0 0 0
0 0 0
0 0 0
0 0 0
0 0 0
0 0 0
0 0 0
0 0 0
0 0 0
0 0 0
0 0 0
0 0 0
0 0 0
0 0 0
0 0 0
0 0 0
0 0 0
0 0 0
0 0 0
0 0 0
0 0 0
0 0 0
0 0 0
0 0 0
0 0 0
0 0 0
0 0 0
0 0 0
0 0 0
0 0 0
0 0 0
0 0 0
0 0 0
0 0 0
0 0 0
0 0 0
0 0 0
0 0 0
0 0 0
 0.00533333 2.00457e-18   0.0013037
 0.00533333 2.00457e-18  0.00127407
 0.00533333 2.00457e-18  0.00124444
 0.00533333 2.00457e-18  0.00121481
 0.00533333 2.00457e-18  0.00118519
 0.00533333 2.00457e-18  0.00115556
 0.00533333 2.00457e-18  0.00112593
 0.00533333 2.00457e-18   0.0010963
 0.00533333 2.00457e-18  0.00106667
 0.00533333 2.00457e-18  0.00103704
 0.00533333 2.00457e-18  0.00100741
 0.00533333 2.00457e-18 0.000977778
 0.00533333 2.00457e-18 0.000948148
 0.00533333 2.00457e-18 0.000918519
 0.00533333 2.00457e-18 0.000888889
 0.00533333 2.00457e-18 0.000859259
 0.00533333 2.00457e-18  0.00082963
 0.00533333 2.00457e-18      0.0008
 0.00533333 2.00457e-18  0.00077037
 0.00533333 2.00457e-18 0.000740741
 0.00533333 2.00457e-18 0.000711111
 0.00533333 2.00457e-18 0.000681481
 0.00533333 2.00457e-18 0.000651852
 0.00533333 2.00457e-18 0.000622222
 0.00533333 2.00457e-18 0.000592593
 0.00533333 2.00457e-18 0.000562963
 0.00533333 2.00457e-18 0.000533333
 0.00533333 2.00457e-18 0.000503704
 0.00533333 2.00457e-18 0.000474074
 0.00533333 2.00457e-18 0.000444444
 0.00533333 2.00457e-18 0.000414815
 0.00533333 2.00457e-18 0.000385185
 0.00533333 2.00457e-18 0.000355556
 0.00533333 2.00457e-18 0.000325926
 0.00533333 2.00457e-18 0.000296296
 0.00533333 2.00457e-18 0.000266667
 0.00533333 2.00457e-18 0.000237037
 0.00533333 2.00457e-18 0.000207407
 0.00533333 2.00457e-18 0.000177778
 0.00533333 2.00457e-18 0.000148148
 0.00533333 2.00457e-18 0.000118519
 0.00533333 2.00457e-18 8.88889e-05
 0.00533333 2.00457e-18 5.92593e-05
 0.00533333 2.00457e-18 2.96296e-05
 0.00533333 2.00457e-18           0
  0.00533333  2.00457e-18 -2.96296e-05
  0.00533333  2.00457e-18 -5.92593e-05
  0.00533333  2.00457e-18 -8.88889e-05
  0.00533333  2.00457e-18 -0.000118519
  0.00533333  2.00457e-18 -0.000148148
  0.00533333  2.00457e-18 -0.000177778
  0.00533333  2.00457e-18 -0.000207407
  0.00533333  2.00457e-18 -0.000237037
  0.00533333  2.00457e-18 -0.000266667
  0.00533333  2.00457e-18 -0.000296296
  0.00533333  2.00457e-18 -0.000325926
  0.00533333  2.00457e-18 -0.000355556
  0.00533333  2.00457e-18 -0.000385185
  0.00533333  2.00457e-18 -0.000414815
  0.00533333  2.00457e-18 -0.000444444
  0.00533333  2.00457e-18 -0.000474074
  0.00533333  2.00457e-18 -0.000503704
  0.00533333  2.00457e-18 -0.000533333
  0.00533333  2.00457e-18 -0.000562963
  0.00533333  2.00457e-18 -0.000592593
  0.00533333  2.00457e-18 -0.000622222
  0.00533333  2.00457e-18 -0.000651852
  0.00533333  2.00457e-18 -0.000681481
  0.00533333  2.00457e-18 -0.000711111
  0.00533333  2.00457e-18 -0.000740741
 0.00533333 2.00457e-18 -0.00077037
 0.00533333 2.00457e-18     -0.0008
 0.00533333 2.00457e-18 -0.00082963
  0.00533333  2.00457e-18 -0.000859259
  0.00533333  2.00457e-18 -0.000888889
  0.00533333  2.00457e-18 -0.000918519
  0.00533333  2.00457e-18 -0.000948148
  0.00533333  2.00457e-18 -0.000977778
 0.00533333 2.00457e-18 -0.00100741
 0.00533333 2.00457e-18 -0.00103704
 0.00533333 2.00457e-18 -0.00106667
 0.00533333 2.00457e-18  -0.0010963
 0.00533333 2.00457e-18 -0.00112593
 0.00533333 2.00457e-18 -0.00115556
 0.00533333 2.00457e-18 -0.00118519
 0.00533333 2.00457e-18 -0.00121481
 0.00533333 2.00457e-18 -0.00124444
 0.00533333 2.00457e-18 -0.00127407
 0.00533333 2.00457e-18  -0.0013037
0 0 0
0 0 0
0 0 0
0 0 0
0 0 0
0 0 0
0 0 0
0 0 0
0 0 0
0 0 0
0 0 0
0 0 0
0 0 0
0 0 0
0 0 0
0 0 0
0 0 0
0 0 0
0 0 0
0 0 0
0 0 0
0 0 0
0 0 0
0 0 0
0 0 0
0 0 0
0 0 0
0 0 0
0 0 0
0 0 0
0 0 0
0 0 0
0 0 0
0 0 0
0 0 0
0 0 0
0 0 0
0 0 0
0 0 0
0 0 0
0 0 0
0 0 0
0 0 0
0 0 0
0 0 0
0 0 0
0 0 0
0 0 0
0 0 0
0 0 0
0 0 0
0 0 0
0 0 0
0 0 0
0 0 0
0 0 0
0 0 0
0 0 0
0 0 0
0 0 0
0 0 0
0 0 0
0 0 0
0 0 0
0 0 0
0 0 0
0 0 0
0 0 0
0 0 0
0 0 0
0 0 0
0 0 0
0 0 0
0 0 0
0 0 0
0 0 0
0 0 0
0 0 0
0 0 0
0 0 0
0 0 0
0 0 0
0 0 0
0 0 0
0 0 0
0 0 0
0 0 0
0 0 0
0 0 0
0 0 0
0 0 0
0 0 0
0 0 0
0 0 0
0 0 0
0 0 0
0 0 0
0 0 0
0 0 0
0 0 0
0 0 0
0 0 0
0 0 0
0 0 0
0 0 0
0 0 0
0 0 0
0 0 0
0 0 0
0 0 0
0 0 0
0 0 0
0 0 0
0 0 0
0 0 0
0 0 0
0 0 0
0 0 0
0 0 0
0 0 0
0 0 0
0 0 0
0 0 0
0 0 0
0 0 0
0 0 0
0 0 0
0 0 0
0 0 0
0 0 0
0 0 0
0 0 0
0 0 0
0 0 0
0 0 0
0 0 0
0 0 0
0 0 0
0 0 0
0 0 0
0 0 0
0 0 0
0 0 0
0 0 0
0 0 0
0 0 0
0 0 0
0 0 0
0 0 0
0 0 0
0 0 0
 0.00533333 2.00457e-18   0.0013037
 0.00533333 2.00457e-18  0.00127407
 0.00533333 2.00457e-18  0.00124444
 0.00533333 2.00457e-18  0.00121481
 0.00533333 2.00457e-18  0.00118519
 0.00533333 2.00457e-18  0.00115556
 0.00533333 2.00457e-18  0.00112593
 0.00533333 2.00457e-18   0.0010963
 0.00533333 2.00457e-18  0.00106667
 0.00533333 2.00457e-18  0.00103704
 0.00533333 2.00457e-18  0.00100741
 0.00533333 2.00457e-18 0.000977778
 0.00533333 2.00457e-18 0.000948148
 0.00533333 2.00457e-18 0.000918519
 0.00533333 2.00457e-18 0.000888889
 0.00533333 2.00457e-18 0.000859259
 0.00533333 2.00457e-18  0.00082963
 0.00533333 2.00457e-18      0.0008
 0.00533333 2.00457e-18  0.00077037
 0.00533333 2.00457e-18 0.000740741
 0.00533333 2.00457e-18 0.000711111
 0.00533333 2.00457e-18 0.000681481
 0.00533333 2.00457e-18 0.000651852
 0.00533333 2.00457e-18 0.000622222
 0.00533333 2.00457e-18 0.000592593
 0.00533333 2.00457e-18 0.000562963
 0.00533333 2.00457e-18 0.000533333
 0.00533333 2.00457e-18 0.000503704
 0.00533333 2.00457e-18 0.000474074
 0.00533333 2.00457e-18 0.000444444
 0.00533333 2.00457e-18 0.000414815
 0.00533333 2.00457e-18 0.000385185
 0.00533333 2.00457e-18 0.000355556
 0.00533333 2.00457e-18 0.000325926
 0.00533333 2.00457e-18 0.000296296
 0.00533333 2.00457e-18 0.000266667
 0.00533333 2.00457e-18 0.000237037
 0.00533333 2.00457e-18 0.000207407
 0.00533333 2.00457e-18 0.000177778
 0.00533333 2.00457e-18 0.000148148
 0.00533333 2.00457e-18 0.000118519
 0.00533333 2.00457e-18 8.88889e-05
 0.00533333 2.00457e-18 5.92593e-05
 0.00533333 2.00457e-18 2.96296e-05
 0.00533333 2.00457e-18           0
  0.00533333  2.00457e-18 -2.96296e-05
  0.00533333  2.00457e-18 -5.92593e-05
  0.00533333  2.00457e-18 -8.88889e-05
  0.00533333  2.00457e-18 -0.000118519
  0.00533333  2.00457e-18 -0.000148148
  0.00533333  2.00457e-18 -0.000177778
  0.00533333  2.00457e-18 -0.000207407
  0.00533333  2.00457e-18 -0.000237037
  0.00533333  2.00457e-18 -0.000266667
  0.00533333  2.00457e-18 -0.000296296
  0.00533333  2.00457e-18 -0.000325926
  0.00533333  2.00457e-18 -0.000355556
  0.00533333  2.00457e-18 -0.000385185
  0.00533333  2.00457e-18 -0.000414815
  0.00533333  2.00457e-18 -0.000444444
  0.00533333  2.00457e-18 -0.000474074
  0.00533333  2.00457e-18 -0.000503704
  0.00533333  2.00457e-18 -0.000533333
  0.00533333  2.00457e-18 -0.000562963
  0.00533333  2.00457e-18 -0.000592593
  0.00533333  2.00457e-18 -0.000622222
  0.00533333  2.00457e-18 -0.000651852
  0.00533333  2.00457e-18 -0.000681481
  0.00533333  2.00457e-18 -0.000711111
  0.00533333  2.00457e-18 -0.000740741
 0.00533333 2.00457e-18 -0.00077037
 0.00533333 2.00457e-18     -0.0008
 0.00533333 2.00457e-18 -0.00082963
  0.00533333  2.00457e-18 -0.000859259
  0.00533333  2.00457e-18 -0.000888889
  0.00533333  2.00457e-18 -0.000918519
  0.00533333  2.00457e-18 -0.000948148
  0.00533333  2.00457e-18 -0.000977778
 0.00533333 2.00457e-18 -0.00100741
 0.00533333 2.00457e-18 -0.00103704
 0.00533333 2.00457e-18 -0.00106667
 0.00533333 2.00457e-18  -0.0010963
 0.00533333 2.00457e-18 -0.00112593
 0.00533333 2.00457e-18 -0.00115556
 0.00533333 2.00457e-18 -0.00118519
 0.00533333 2.00457e-18 -0.00121481
 0.00533333 2.00457e-18 -0.00124444
 0.00533333 2.00457e-18 -0.00127407
 0.00533333 2.00457e-18  -0.0013037
0 0 0
0 0 0
0 0 0
0 0 0
0 0 0
0 0 0
0 0 0
0 0 0
0 0 0
0 0 0
0 0 0
0 0 0
0 0 0
0 0 0
0 0 0
0 0 0
0 0 0
0 0 0
0 0 0
0 0 0
0 0 0
0 0 0
0 0 0
0 0 0
0 0 0
0 0 0
0 0 0
0 0 0
0 0 0
0 0 0
0 0 0
0 0 0
0 0 0
0 0 0
0 0 0
0 0 0
0 0 0
0 0 0
0 0 0
0 0 0
0 0 0
0 0 0
0 0 0
0 0 0
0 0 0
0 0 0
0 0 0
0 0 0
0 0 0
0 0 0
0 0 0
0 0 0
0 0 0
0 0 0
0 0 0
0 0 0
0 0 0
0 0 0
0 0 0
0 0 0
0 0 0
0 0 0
0 0 0
0 0 0
0 0 0
0 0 0
0 0 0
0 0 0
0 0 0
0 0 0
0 0 0
0 0 0
0 0 0
0 0 0
0 0 0
0 0 0
0 0 0
0 0 0
0 0 0
0 0 0
0 0 0
0 0 0
0 0 0
0 0 0
0 0 0
0 0 0
0 0 0
0 0 0
0 0 0
0 0 0
0 0 0
0 0 0
0 0 0
0 0 0
0 0 0
0 0 0
0 0 0
0 0 0
0 0 0
0 0 0
0 0 0
0 0 0
0 0 0
0 0 0
0 0 0
0 0 0
0 0 0
0 0 0
0 0 0
0 0 0
0 0 0
0 0 0
0 0 0
0 0 0
0 0 0
0 0 0
0 0 0
0 0 0
0 0 0
0 0 0
0 0 0
0 0 0
0 0 0
0 0 0
0 0 0
0 0 0
0 0 0
0 0 0
0 0 0
0 0 0
0 0 0
0 0 0
0 0 0
0 0 0
0 0 0
0 0 0
0 0 0
0 0 0
0 0 0
0 0 0
0 0 0
0 0 0
0 0 0
0 0 0
0 0 0
0 0 0
0 0 0
0 0 0
0 0 0
0 0 0
0 0 0
 0.00533333 2.00457e-18   0.0013037
 0.00533333 2.00457e-18  0.00127407
 0.00533333 2.00457e-18  0.00124444
 0.00533333 2.00457e-18  0.00121481
 0.00533333 2.00457e-18  0.00118519
 0.00533333 2.00457e-18  0.00115556
 0.00533333 2.00457e-18  0.00112593
 0.00533333 2.00457e-18   0.0010963
 0.00533333 2.00457e-18  0.00106667
 0.00533333 2.00457e-18  0.00103704
 0.00533333 2.00457e-18  0.00100741
 0.00533333 2.00457e-18 0.000977778
 0.00533333 2.00457e-18 0.000948148
 0.00533333 2.00457e-18 0.000918519
 0.00533333 2.00457e-18 0.000888889
 0.00533333 2.00457e-18 0.000859259
 0.00533333 2.00457e-18  0.00082963
 0.00533333 2.00457e-18      0.0008
 0.00533333 2.00457e-18  0.00077037
 0.00533333 2.00457e-18 0.000740741
 0.00533333 2.00457e-18 0.000711111
 0.00533333 2.00457e-18 0.000681481
 0.00533333 2.00457e-18 0.000651852
 0.00533333 2.00457e-18 0.000622222
 0.00533333 2.00457e-18 0.000592593
 0.00533333 2.00457e-18 0.000562963
 0.00533333 2.00457e-18 0.000533333
 0.00533333 2.00457e-18 0.000503704
 0.00533333 2.00457e-18 0.000474074
 0.00533333 2.00457e-18 0.000444444
 0.00533333 2.00457e-18 0.000414815
 0.00533333 2.00457e-18 0.000385185
 0.00533333 2.00457e-18 0.000355556
 0.00533333 2.00457e-18 0.000325926
 0.00533333 2.00457e-18 0.000296296
 0.00533333 2.00457e-18 0.000266667
 0.00533333 2.00457e-18 0.000237037
 0.00533333 2.00457e-18 0.000207407
 0.00533333 2.00457e-18 0.000177778
 0.00533333 2.00457e-18 0.000148148
 0.00533333 2.00457e-18 0.000118519
 0.00533333 2.00457e-18 8.88889e-05
 0.00533333 2.00457e-18 5.92593e-05
 0.00533333 2.00457e-18 2.96296e-05
 0.00533333 2.00457e-18           0
  0.00533333  2.00457e-18 -2.96296e-05
  0.00533333  2.00457e-18 -5.92593e-05
  0.00533333  2.00457e-18 -8.88889e-05
  0.00533333  2.00457e-18 -0.000118519
  0.00533333  2.00457e-18 -0.000148148
  0.00533333  2.00457e-18 -0.000177778
  0.00533333  2.00457e-18 -0.000207407
  0.00533333  2.00457e-18 -0.000237037
  0.00533333  2.00457e-18 -0.000266667
  0.00533333  2.00457e-18 -0.000296296
  0.00533333  2.00457e-18 -0.000325926
  0.00533333  2.00457e-18 -0.000355556
  0.00533333  2.00457e-18 -0.000385185
  0.00533333  2.00457e-18 -0.000414815
  0.00533333  2.00457e-18 -0.000444444
  0.00533333  2.00457e-18 -0.000474074
  0.00533333  2.00457e-18 -0.000503704
  0.00533333  2.00457e-18 -0.000533333
  0.00533333  2.00457e-18 -0.000562963
  0.00533333  2.00457e-18 -0.000592593
  0.00533333  2.00457e-18 -0.000622222
  0.00533333  2.00457e-18 -0.000651852
  0.00533333  2.00457e-18 -0.000681481
  0.00533333  2.00457e-18 -0.000711111
  0.00533333  2.00457e-18 -0.000740741
 0.00533333 2.00457e-18 -0.00077037
 0.00533333 2.00457e-18     -0.0008
 0.00533333 2.00457e-18 -0.00082963
  0.00533333  2.00457e-18 -0.000859259
  0.00533333  2.00457e-18 -0.000888889
  0.00533333  2.00457e-18 -0.000918519
  0.00533333  2.00457e-18 -0.000948148
  0.00533333  2.00457e-18 -0.000977778
 0.00533333 2.00457e-18 -0.00100741
 0.00533333 2.00457e-18 -0.00103704
 0.00533333 2.00457e-18 -0.00106667
 0.00533333 2.00457e-18  -0.0010963
 0.00533333 2.00457e-18 -0.00112593
 0.00533333 2.00457e-18 -0.00115556
 0.00533333 2.00457e-18 -0.00118519
 0.00533333 2.00457e-18 -0.00121481
 0.00533333 2.00457e-18 -0.00124444
 0.00533333 2.00457e-18 -0.00127407
 0.00533333 2.00457e-18  -0.0013037
0 0 0
0 0 0
0 0 0
0 0 0
0 0 0
0 0 0
0 0 0
0 0 0
0 0 0
0 0 0
0 0 0
0 0 0
0 0 0
0 0 0
0 0 0
0 0 0
0 0 0
0 0 0
0 0 0
0 0 0
0 0 0
0 0 0
0 0 0
0 0 0
0 0 0
0 0 0
0 0 0
0 0 0
0 0 0
0 0 0
0 0 0
0 0 0
0 0 0
0 0 0
0 0 0
0 0 0
0 0 0
0 0 0
0 0 0
0 0 0
0 0 0
0 0 0
0 0 0
0 0 0
0 0 0
0 0 0
0 0 0
0 0 0
0 0 0
0 0 0
0 0 0
0 0 0
0 0 0
0 0 0
0 0 0
0 0 0
0 0 0
0 0 0
0 0 0
0 0 0
0 0 0
0 0 0
0 0 0
0 0 0
0 0 0
0 0 0
0 0 0
0 0 0
0 0 0
0 0 0
0 0 0
0 0 0
0 0 0
0 0 0
0 0 0
0 0 0
0 0 0
0 0 0
0 0 0
0 0 0
0 0 0
0 0 0
0 0 0
0 0 0
0 0 0
0 0 0
0 0 0
0 0 0
0 0 0
0 0 0
0 0 0
0 0 0
0 0 0
0 0 0
0 0 0
0 0 0
0 0 0
0 0 0
0 0 0
0 0 0
0 0 0
0 0 0
0 0 0
0 0 0
0 0 0
0 0 0
0 0 0
0 0 0
0 0 0
0 0 0
0 0 0
0 0 0
0 0 0
0 0 0
0 0 0
0 0 0
0 0 0
0 0 0
0 0 0
0 0 0
0 0 0
0 0 0
0 0 0
0 0 0
0 0 0
0 0 0
0 0 0
0 0 0
0 0 0
0 0 0
0 0 0
0 0 0
0 0 0
0 0 0
0 0 0
0 0 0
0 0 0
0 0 0
0 0 0
0 0 0
0 0 0
0 0 0
0 0 0
0 0 0
0 0 0
0 0 0
0 0 0
0 0 0
0 0 0
0 0 0
0 0 0
0 0 0
0 0 0
0 0 0
0 0 0
0 0 0
0 0 0
0 0 0
0 0 0
0 0 0
0 0 0
0 0 0
0 0 0
0 0 0
0 0 0
0 0 0
0 0 0
0 0 0
0 0 0
0 0 0
0 0 0
0 0 0
0 0 0
0 0 0
0 0 0
0 0 0
0 0 0
0 0 0
0 0 0
0 0 0
0 0 0
0 0 0
0 0 0
0 0 0
0 0 0
0 0 0
0 0 0
0 0 0
0 0 0
0 0 0
0 0 0
0 0 0
0 0 0
0 0 0
0 0 0
0 0 0
0 0 0
0 0 0
0 0 0
0 0 0
0 0 0
0 0 0
0 0 0
0 0 0
0 0 0
0 0 0
0 0 0
0 0 0
0 0 0
0 0 0
0 0 0
0 0 0
0 0 0
0 0 0
0 0 0
0 0 0
0 0 0
0 0 0
0 0 0
0 0 0
0 0 0
0 0 0
0 0 0
0 0 0
0 0 0
0 0 0
0 0 0
0 0 0
0 0 0
0 0 0
0 0 0
0 0 0
0 0 0
0 0 0
0 0 0
0 0 0
0 0 0
0 0 0
0 0 0
0 0 0
0 0 0
0 0 0
0 0 0
0 0 0
0 0 0
0 0 0
0 0 0
0 0 0
0 0 0
0 0 0
0 0 0
0 0 0
0 0 0
0 0 0
0 0 0
0 0 0
0 0 0
0 0 0
0 0 0
0 0 0
0 0 0
0 0 0
0 0 0
0 0 0
0 0 0
0 0 0
0 0 0
0 0 0
0 0 0
0 0 0
0 0 0
0 0 0
0 0 0
0 0 0
0 0 0
0 0 0
0 0 0
0 0 0
0 0 0
0 0 0
0 0 0
0 0 0
0 0 0
0 0 0
0 0 0
0 0 0
0 0 0
0 0 0
0 0 0
0 0 0
0 0 0
0 0 0
0 0 0
0 0 0
0 0 0
0 0 0
0 0 0
0 0 0
0 0 0
0 0 0
0 0 0
0 0 0
0 0 0
0 0 0
0 0 0
0 0 0
0 0 0
0 0 0
0 0 0
0 0 0
0 0 0
0 0 0
0 0 0
0 0 0
0 0 0
0 0 0
0 0 0
0 0 0
0 0 0
0 0 0
0 0 0
0 0 0
0 0 0
0 0 0
0 0 0
0 0 0
0 0 0
0 0 0
0 0 0
0 0 0
0 0 0
0 0 0
0 0 0
0 0 0
0 0 0
0 0 0
0 0 0
0 0 0
0 0 0
0 0 0
0 0 0
0 0 0
0 0 0
0 0 0
0 0 0
0 0 0
0 0 0
0 0 0
0 0 0
0 0 0
0 0 0
0 0 0
0 0 0
0 0 0
0 0 0
0 0 0
0 0 0
0 0 0
0 0 0
0 0 0
0 0 0
0 0 0
0 0 0
0 0 0
0 0 0
0 0 0
0 0 0
0 0 0
0 0 0
0 0 0
0 0 0
0 0 0
0 0 0
