       0
       0
       0
       0
       0
       0
       0
       0
       0
       0
       0
       0
       0
       0
       0
       0
       0
       0
       0
       0
       0
       0
       0
       0
       0
       0
       0
       0
       0
       0
       0
       0
       0
       0
       0
       0
       0
       0
       0
       0
       0
       0
       0
       0
       0
       0
       0
       0
       0
       0
       0
       0
       0
       0
       0
       0
       0
       0
       0
       0
       0
       0
       0
       0
       0
       0
       0
       0
       0
       0
       0
       0
       0
       0
       0
       0
       0
       0
       0
       0
       0
       0
       0
       0
       0
       0
       0
       0
       0
       0
       0
       0
       0
       0
       0
       0
       0
       0
       0
       0
       0
       0
       0
       0
       0
       0
       0
       0
       0
       0
       0
       0
       0
       0
       0
       0
       0
       0
       0
       0
       0
       0
       0
       0
       0
       0
       0
       0
       0
       0
       0
       0
       0
       0
       0
       0
       0
       0
       0
       0
       0
       0
       0
       0
       0
       0
       0
       0
       0
       0
       0
0.002925
  0.0057
0.008325
  0.0108
0.013125
  0.0153
0.017325
  0.0192
0.020925
  0.0225
0.023925
  0.0252
0.026325
  0.0273
0.028125
  0.0288
0.029325
  0.0297
0.029925
    0.03
0.029925
  0.0297
0.029325
  0.0288
0.028125
  0.0273
0.026325
  0.0252
0.023925
  0.0225
0.020925
  0.0192
0.017325
  0.0153
0.013125
  0.0108
0.008325
  0.0057
0.002925
       0
       0
       0
       0
       0
       0
       0
       0
       0
       0
       0
       0
       0
       0
       0
       0
       0
       0
       0
       0
       0
       0
       0
       0
       0
       0
       0
       0
       0
       0
       0
       0
       0
       0
       0
       0
       0
       0
       0
       0
       0
       0
       0
       0
       0
       0
       0
       0
       0
       0
       0
       0
       0
       0
       0
       0
       0
       0
       0
       0
       0
       0
       0
       0
       0
       0
       0
       0
       0
       0
       0
       0
       0
       0
       0
       0
       0
       0
       0
       0
       0
0.002925
  0.0057
0.008325
  0.0108
0.013125
  0.0153
0.017325
  0.0192
0.020925
  0.0225
0.023925
  0.0252
0.026325
  0.0273
0.028125
  0.0288
0.029325
  0.0297
0.029925
    0.03
0.029925
  0.0297
0.029325
  0.0288
0.028125
  0.0273
0.026325
  0.0252
0.023925
  0.0225
0.020925
  0.0192
0.017325
  0.0153
0.013125
  0.0108
0.008325
  0.0057
0.002925
       0
       0
       0
       0
       0
       0
       0
       0
       0
       0
       0
       0
       0
       0
       0
       0
       0
       0
       0
       0
       0
       0
       0
       0
       0
       0
       0
       0
       0
       0
       0
       0
       0
       0
       0
       0
       0
       0
       0
       0
       0
       0
       0
       0
       0
       0
       0
       0
       0
       0
       0
       0
       0
       0
       0
       0
       0
       0
       0
       0
       0
       0
       0
       0
       0
       0
       0
       0
       0
       0
       0
       0
       0
       0
       0
       0
       0
       0
       0
       0
       0
0.002925
  0.0057
0.008325
  0.0108
0.013125
  0.0153
0.017325
  0.0192
0.020925
  0.0225
0.023925
  0.0252
0.026325
  0.0273
0.028125
  0.0288
0.029325
  0.0297
0.029925
    0.03
0.029925
  0.0297
0.029325
  0.0288
0.028125
  0.0273
0.026325
  0.0252
0.023925
  0.0225
0.020925
  0.0192
0.017325
  0.0153
0.013125
  0.0108
0.008325
  0.0057
0.002925
       0
       0
       0
       0
       0
       0
       0
       0
       0
       0
       0
       0
       0
       0
       0
       0
       0
       0
       0
       0
       0
       0
       0
       0
       0
       0
       0
       0
       0
       0
       0
       0
       0
       0
       0
       0
       0
       0
       0
       0
       0
       0
       0
       0
       0
       0
       0
       0
       0
       0
       0
       0
       0
       0
       0
       0
       0
       0
       0
       0
       0
       0
       0
       0
       0
       0
       0
       0
       0
       0
