 -0.0355023
 -0.0355023
 -0.0355023
 -0.0355023
 -0.0355023
 -0.0355023
 -0.0355023
 -0.0355023
 -0.0355023
 -0.0355023
 -0.0355023
 -0.0355023
 -0.0355023
 -0.0355023
 -0.0355023
 -0.0355023
 -0.0355023
 -0.0355023
 -0.0355023
 -0.0355023
 -0.0355023
 -0.0355023
 -0.0355023
 -0.0355023
 -0.0355023
 -0.0355023
 -0.0355023
 -0.0355023
 -0.0355023
 -0.0355023
 -0.0355023
 -0.0355023
 -0.0355023
 -0.0355023
 -0.0355023
 -0.0355023
 -0.0355023
 -0.0355023
 -0.0355023
 -0.0355023
 -0.0355023
 -0.0355023
 -0.0355023
 -0.0355023
 -0.0355023
 -0.0355023
 -0.0355023
 -0.0355023
 -0.0355023
 -0.0355023
 -0.0355023
 -0.0355023
 -0.0355023
 -0.0355023
 -0.0355023
 -0.0355023
 -0.0355023
 -0.0355023
 -0.0355023
 -0.0355023
 -0.0355023
 -0.0355023
 -0.0355023
 -0.0355023
 -0.0355023
 -0.0355023
 -0.0355023
 -0.0355023
 -0.0355023
 -0.0355023
 -0.0355023
 -0.0355023
 -0.0355023
 -0.0355023
 -0.0355023
 -0.0355023
 -0.0355023
 -0.0355023
 -0.0355023
 -0.0355023
 -0.0355023
 -0.0355023
 -0.0355023
 -0.0355023
 -0.0355023
 -0.0355023
 -0.0355023
 -0.0355023
 -0.0355023
 -0.0355023
 -0.0355023
 -0.0355023
 -0.0355023
 -0.0355023
 -0.0355023
 -0.0355023
 -0.0355023
 -0.0355023
 -0.0355023
 -0.0355023
 -0.0355023
 -0.0355023
 -0.0355023
 -0.0355023
 -0.0355023
 -0.0355023
 -0.0355023
 -0.0355023
 -0.0355023
 -0.0355023
 -0.0355023
 -0.0355023
 -0.0355023
 -0.0355023
 -0.0355023
 -0.0355023
 -0.0355023
 -0.0355023
 -0.0355023
 -0.0355023
 -0.0355023
 -0.0355023
 -0.0355023
 -0.0355023
 -0.0355023
 -0.0355023
 -0.0355023
 -0.0355023
 -0.0355023
 -0.0355023
 -0.0355023
 -0.0355023
 -0.0355023
 -0.0355023
 -0.0355023
 -0.0355023
 -0.0355023
 -0.0355023
 -0.0355023
 -0.0355023
 -0.0355023
 -0.0355023
 -0.0355023
 -0.0355023
 -0.0355023
 -0.0355023
 -0.0355023
 -0.0355023
 -0.0355023
 -0.0355023
 -0.0355023
 -0.0308214
 -0.0261406
 -0.0214597
 -0.0167789
  -0.012098
-0.00741715
 -0.0027363
 0.00194455
  0.0066254
  0.0113063
  0.0159871
   0.020668
  0.0253488
  0.0300297
  0.0347105
  0.0393914
  0.0440722
  0.0487531
  0.0534339
  0.0581148
  0.0627956
  0.0674765
  0.0721573
  0.0768382
   0.081519
  0.0861999
  0.0908807
  0.0955616
   0.100242
   0.104923
   0.109604
   0.114285
   0.118966
   0.123647
   0.128328
   0.133008
   0.137689
    0.14237
   0.147051
   0.151732
   0.156413
   0.161093
   0.165774
   0.170455
   0.175136
   0.179817
   0.184498
   0.184498
   0.184498
   0.184498
   0.184498
   0.184498
   0.184498
   0.184498
   0.184498
   0.184498
   0.184498
   0.184498
   0.184498
   0.184498
   0.184498
   0.184498
   0.184498
   0.184498
   0.184498
   0.184498
   0.184498
   0.184498
   0.184498
   0.184498
   0.184498
   0.184498
   0.184498
   0.184498
   0.184498
   0.184498
   0.184498
   0.184498
   0.184498
   0.184498
   0.184498
   0.184498
   0.184498
   0.184498
   0.184498
   0.184498
   0.184498
   0.184498
   0.184498
   0.184498
   0.184498
   0.184498
   0.184498
   0.184498
   0.184498
   0.184498
   0.184498
   0.184498
   0.184498
   0.184498
   0.184498
   0.184498
   0.184498
   0.184498
   0.184498
   0.184498
   0.184498
   0.184498
   0.184498
   0.184498
   0.184498
   0.184498
   0.184498
   0.184498
   0.184498
   0.184498
   0.184498
   0.184498
   0.184498
   0.184498
   0.189604
   0.194711
   0.199817
   0.204923
    0.21003
   0.215136
   0.220242
   0.225349
   0.230455
   0.235562
   0.240668
   0.245774
   0.250881
   0.255987
   0.261093
     0.2662
   0.271306
   0.276413
   0.281519
   0.286625
   0.291732
   0.296838
   0.301945
   0.307051
   0.312157
   0.317264
    0.32237
   0.327476
   0.332583
   0.337689
   0.342796
   0.347902
   0.353008
   0.358115
   0.363221
   0.368328
   0.373434
    0.37854
   0.383647
   0.388753
   0.393859
   0.398966
   0.404072
   0.409179
   0.414285
   0.419391
   0.424498
   0.424498
   0.424498
   0.424498
   0.424498
   0.424498
   0.424498
   0.424498
   0.424498
   0.424498
   0.424498
   0.424498
   0.424498
   0.424498
   0.424498
   0.424498
   0.424498
   0.424498
   0.424498
   0.424498
   0.424498
   0.424498
   0.424498
   0.424498
   0.424498
   0.424498
   0.424498
   0.424498
   0.424498
   0.424498
   0.424498
   0.424498
   0.424498
   0.424498
   0.424498
   0.424498
   0.424498
   0.424498
   0.424498
   0.424498
   0.424498
   0.424498
   0.424498
   0.424498
   0.424498
   0.424498
   0.424498
   0.424498
   0.424498
   0.424498
   0.424498
   0.424498
   0.424498
   0.424498
   0.424498
   0.424498
   0.424498
   0.424498
   0.424498
   0.424498
   0.424498
   0.424498
   0.424498
   0.424498
   0.424498
   0.424498
   0.424498
   0.424498
   0.424498
   0.424498
   0.424498
   0.424498
   0.424498
   0.424498
   0.429604
   0.434711
   0.439817
   0.444923
    0.45003
   0.455136
   0.460242
   0.465349
   0.470455
   0.475562
   0.480668
   0.485774
   0.490881
   0.495987
   0.501093
     0.5062
   0.511306
   0.516413
   0.521519
   0.526625
   0.531732
   0.536838
   0.541945
   0.547051
   0.552157
   0.557264
    0.56237
   0.567476
   0.572583
   0.577689
   0.582796
   0.587902
   0.593008
   0.598115
   0.603221
   0.608328
   0.613434
    0.61854
   0.623647
   0.628753
   0.633859
   0.638966
   0.644072
   0.649179
   0.654285
   0.659391
   0.664498
   0.664498
   0.664498
   0.664498
   0.664498
   0.664498
   0.664498
   0.664498
   0.664498
   0.664498
   0.664498
   0.664498
   0.664498
   0.664498
   0.664498
   0.664498
   0.664498
   0.664498
   0.664498
   0.664498
   0.664498
   0.664498
   0.664498
   0.664498
   0.664498
   0.664498
   0.664498
   0.664498
   0.664498
   0.664498
   0.664498
   0.664498
   0.664498
   0.664498
   0.664498
   0.664498
   0.664498
   0.664498
   0.664498
   0.664498
   0.664498
   0.664498
   0.664498
   0.664498
   0.664498
   0.664498
   0.664498
   0.664498
   0.664498
   0.664498
   0.664498
   0.664498
   0.664498
   0.664498
   0.664498
   0.664498
   0.664498
   0.664498
   0.664498
   0.664498
   0.664498
   0.664498
   0.664498
   0.664498
   0.664498
   0.664498
   0.664498
   0.664498
   0.664498
   0.664498
   0.664498
   0.664498
   0.664498
   0.664498
   0.669604
   0.674711
   0.679817
   0.684923
    0.69003
   0.695136
   0.700242
   0.705349
   0.710455
   0.715562
   0.720668
   0.725774
   0.730881
   0.735987
   0.741093
     0.7462
   0.751306
   0.756413
   0.761519
   0.766625
   0.771732
   0.776838
   0.781945
   0.787051
   0.792157
   0.797264
    0.80237
   0.807476
   0.812583
   0.817689
   0.822796
   0.827902
   0.833008
   0.838115
   0.843221
   0.848328
   0.853434
    0.85854
   0.863647
   0.868753
   0.873859
   0.878966
   0.884072
   0.889179
   0.894285
   0.899391
   0.904498
   0.904498
   0.904498
   0.904498
   0.904498
   0.904498
   0.904498
   0.904498
   0.904498
   0.904498
   0.904498
   0.904498
   0.904498
   0.904498
   0.904498
   0.904498
   0.904498
   0.904498
   0.904498
   0.904498
   0.904498
   0.904498
   0.904498
   0.904498
   0.904498
   0.904498
   0.904498
   0.904498
   0.904498
   0.904498
   0.904498
   0.904498
   0.904498
   0.904498
   0.904498
   0.904498
   0.904498
   0.904498
   0.904498
   0.904498
   0.904498
   0.904498
   0.904498
   0.904498
   0.904498
   0.904498
   0.904498
   0.904498
   0.904498
   0.904498
   0.904498
   0.904498
   0.904498
   0.904498
   0.904498
   0.904498
   0.904498
   0.904498
   0.904498
   0.904498
   0.904498
   0.904498
   0.904498
   0.904498
   0.904498
   0.904498
   0.904498
   0.904498
   0.904498
   0.904498
   0.904498
   0.904498
   0.904498
   0.904498
   0.909604
   0.914711
   0.919817
   0.924923
    0.93003
   0.935136
   0.940242
   0.945349
   0.950455
   0.955562
   0.960668
   0.965774
   0.970881
   0.975987
   0.981093
     0.9862
   0.991306
   0.996413
    1.00152
    1.00663
    1.01173
    1.01684
    1.02194
    1.02705
    1.03216
    1.03726
    1.04237
    1.04748
    1.05258
    1.05769
     1.0628
     1.0679
    1.07301
    1.07811
    1.08322
    1.08833
    1.09343
    1.09854
    1.10365
    1.10875
    1.11386
    1.11897
    1.12407
    1.12918
    1.13428
    1.13939
     1.1445
     1.1445
     1.1445
     1.1445
     1.1445
     1.1445
     1.1445
     1.1445
     1.1445
     1.1445
     1.1445
     1.1445
     1.1445
     1.1445
     1.1445
     1.1445
     1.1445
     1.1445
     1.1445
     1.1445
     1.1445
     1.1445
     1.1445
     1.1445
     1.1445
     1.1445
     1.1445
     1.1445
     1.1445
     1.1445
     1.1445
     1.1445
     1.1445
     1.1445
     1.1445
     1.1445
     1.1445
     1.1445
     1.1445
     1.1445
     1.1445
     1.1445
     1.1445
     1.1445
     1.1445
     1.1445
     1.1445
     1.1445
     1.1445
     1.1445
     1.1445
     1.1445
     1.1445
     1.1445
     1.1445
     1.1445
     1.1445
     1.1445
     1.1445
     1.1445
     1.1445
     1.1445
     1.1445
     1.1445
     1.1445
     1.1445
     1.1445
     1.1445
     1.1445
     1.1445
     1.1445
     1.1445
     1.1445
     1.1445
     1.1496
    1.15471
    1.15982
    1.16492
    1.17003
    1.17514
    1.18024
    1.18535
    1.19046
    1.19556
    1.20067
    1.20577
    1.21088
    1.21599
    1.22109
     1.2262
    1.23131
    1.23641
    1.24152
    1.24663
    1.25173
    1.25684
    1.26194
    1.26705
    1.27216
    1.27726
    1.28237
    1.28748
    1.29258
    1.29769
     1.3028
     1.3079
    1.31301
    1.31811
    1.32322
    1.32833
    1.33343
    1.33854
    1.34365
    1.34875
    1.35386
    1.35897
    1.36407
    1.36918
    1.37428
    1.37939
     1.3845
     1.3845
     1.3845
     1.3845
     1.3845
     1.3845
     1.3845
     1.3845
     1.3845
     1.3845
     1.3845
     1.3845
     1.3845
     1.3845
     1.3845
     1.3845
     1.3845
     1.3845
     1.3845
     1.3845
     1.3845
     1.3845
     1.3845
     1.3845
     1.3845
     1.3845
     1.3845
     1.3845
     1.3845
     1.3845
     1.3845
     1.3845
     1.3845
     1.3845
     1.3845
     1.3845
     1.3845
     1.3845
     1.3845
     1.3845
     1.3845
     1.3845
     1.3845
     1.3845
     1.3845
     1.3845
     1.3845
     1.3845
     1.3845
     1.3845
     1.3845
     1.3845
     1.3845
     1.3845
     1.3845
     1.3845
     1.3845
     1.3845
     1.3845
     1.3845
     1.3845
     1.3845
     1.3845
     1.3845
     1.3845
     1.3845
     1.3845
     1.3845
     1.3845
     1.3845
     1.3845
     1.3845
     1.3845
     1.3845
     1.3896
    1.39471
    1.39982
    1.40492
    1.41003
    1.41514
    1.42024
    1.42535
    1.43046
    1.43556
    1.44067
    1.44577
    1.45088
    1.45599
    1.46109
     1.4662
    1.47131
    1.47641
    1.48152
    1.48663
    1.49173
    1.49684
    1.50194
    1.50705
    1.51216
    1.51726
    1.52237
    1.52748
    1.53258
    1.53769
     1.5428
     1.5479
    1.55301
    1.55811
    1.56322
    1.56833
    1.57343
    1.57854
    1.58365
    1.58875
    1.59386
    1.59897
    1.60407
    1.60918
    1.61428
    1.61939
     1.6245
     1.6245
     1.6245
     1.6245
     1.6245
     1.6245
     1.6245
     1.6245
     1.6245
     1.6245
     1.6245
     1.6245
     1.6245
     1.6245
     1.6245
     1.6245
     1.6245
     1.6245
     1.6245
     1.6245
     1.6245
     1.6245
     1.6245
     1.6245
     1.6245
     1.6245
     1.6245
     1.6245
     1.6245
     1.6245
     1.6245
     1.6245
     1.6245
     1.6245
     1.6245
     1.6245
     1.6245
     1.6245
     1.6245
     1.6245
     1.6245
     1.6245
     1.6245
     1.6245
     1.6245
     1.6245
     1.6245
     1.6245
     1.6245
     1.6245
     1.6245
     1.6245
     1.6245
     1.6245
     1.6245
     1.6245
     1.6245
     1.6245
     1.6245
     1.6245
     1.6245
     1.6245
     1.6245
     1.6245
     1.6245
     1.6245
     1.6245
     1.6245
     1.6245
     1.6245
     1.6245
     1.6245
     1.6245
     1.6245
     1.6296
    1.63471
    1.63982
    1.64492
    1.65003
    1.65514
    1.66024
    1.66535
    1.67046
    1.67556
    1.68067
    1.68577
    1.69088
    1.69599
    1.70109
     1.7062
    1.71131
    1.71641
    1.72152
    1.72663
    1.73173
    1.73684
    1.74194
    1.74705
    1.75216
    1.75726
    1.76237
    1.76748
    1.77258
    1.77769
     1.7828
     1.7879
    1.79301
    1.79811
    1.80322
    1.80833
    1.81343
    1.81854
    1.82365
    1.82875
    1.83386
    1.83897
    1.84407
    1.84918
    1.85428
    1.85939
     1.8645
     1.8645
     1.8645
     1.8645
     1.8645
     1.8645
     1.8645
     1.8645
     1.8645
     1.8645
     1.8645
     1.8645
     1.8645
     1.8645
     1.8645
     1.8645
     1.8645
     1.8645
     1.8645
     1.8645
     1.8645
     1.8645
     1.8645
     1.8645
     1.8645
     1.8645
     1.8645
     1.8645
     1.8645
     1.8645
     1.8645
     1.8645
     1.8645
     1.8645
     1.8645
     1.8645
     1.8645
     1.8645
     1.8645
     1.8645
     1.8645
     1.8645
     1.8645
     1.8645
     1.8645
     1.8645
     1.8645
     1.8645
     1.8645
     1.8645
     1.8645
     1.8645
     1.8645
     1.8645
     1.8645
     1.8645
     1.8645
     1.8645
     1.8645
     1.8645
     1.8645
     1.8645
     1.8645
     1.8645
     1.8645
     1.8645
     1.8645
     1.8645
     1.8645
     1.8645
     1.8645
     1.8645
     1.8645
     1.8645
     1.8696
    1.87471
    1.87982
    1.88492
    1.89003
    1.89514
    1.90024
    1.90535
    1.91046
    1.91556
    1.92067
    1.92577
    1.93088
    1.93599
    1.94109
     1.9462
    1.95131
    1.95641
    1.96152
    1.96663
    1.97173
    1.97684
    1.98194
    1.98705
    1.99216
    1.99726
    2.00237
    2.00748
    2.01258
    2.01769
     2.0228
     2.0279
    2.03301
    2.03811
    2.04322
    2.04833
    2.05343
    2.05854
    2.06365
    2.06875
    2.07386
    2.07897
    2.08407
    2.08918
    2.09428
    2.09939
     2.1045
     2.1045
     2.1045
     2.1045
     2.1045
     2.1045
     2.1045
     2.1045
     2.1045
     2.1045
     2.1045
     2.1045
     2.1045
     2.1045
     2.1045
     2.1045
     2.1045
     2.1045
     2.1045
     2.1045
     2.1045
     2.1045
     2.1045
     2.1045
     2.1045
     2.1045
     2.1045
     2.1045
     2.1045
     2.1045
     2.1045
     2.1045
     2.1045
     2.1045
     2.1045
     2.1045
     2.1045
     2.1045
     2.1045
     2.1045
     2.1045
     2.1045
     2.1045
     2.1045
     2.1045
     2.1045
     2.1045
     2.1045
     2.1045
     2.1045
     2.1045
     2.1045
     2.1045
     2.1045
     2.1045
     2.1045
     2.1045
     2.1045
     2.1045
     2.1045
     2.1045
     2.1045
     2.1045
     2.1045
     2.1045
     2.1045
     2.1045
     2.1045
     2.1045
     2.1045
     2.1045
     2.1045
     2.1045
     2.1045
     2.1096
    2.11471
    2.11982
    2.12492
    2.13003
    2.13514
    2.14024
    2.14535
    2.15046
    2.15556
    2.16067
    2.16577
    2.17088
    2.17599
    2.18109
     2.1862
    2.19131
    2.19641
    2.20152
    2.20663
    2.21173
    2.21684
    2.22194
    2.22705
    2.23216
    2.23726
    2.24237
    2.24748
    2.25258
    2.25769
     2.2628
     2.2679
    2.27301
    2.27811
    2.28322
    2.28833
    2.29343
    2.29854
    2.30365
    2.30875
    2.31386
    2.31897
    2.32407
    2.32918
    2.33428
    2.33939
     2.3445
     2.3445
     2.3445
     2.3445
     2.3445
     2.3445
     2.3445
     2.3445
     2.3445
     2.3445
     2.3445
     2.3445
     2.3445
     2.3445
     2.3445
     2.3445
     2.3445
     2.3445
     2.3445
     2.3445
     2.3445
     2.3445
     2.3445
     2.3445
     2.3445
     2.3445
     2.3445
     2.3445
     2.3445
     2.3445
     2.3445
     2.3445
     2.3445
     2.3445
     2.3445
     2.3445
     2.3445
     2.3445
     2.3445
     2.3445
     2.3445
     2.3445
     2.3445
     2.3445
     2.3445
     2.3445
     2.3445
     2.3445
     2.3445
     2.3445
     2.3445
     2.3445
     2.3445
     2.3445
     2.3445
     2.3445
     2.3445
     2.3445
     2.3445
     2.3445
     2.3445
     2.3445
     2.3445
     2.3445
     2.3445
     2.3445
     2.3445
     2.3445
     2.3445
     2.3445
     2.3445
     2.3445
     2.3445
     2.3445
     2.3496
    2.35471
    2.35982
    2.36492
    2.37003
    2.37514
    2.38024
    2.38535
    2.39046
    2.39556
    2.40067
    2.40577
    2.41088
    2.41599
    2.42109
     2.4262
    2.43131
    2.43641
    2.44152
    2.44663
    2.45173
    2.45684
    2.46194
    2.46705
    2.47216
    2.47726
    2.48237
    2.48748
    2.49258
    2.49769
     2.5028
     2.5079
    2.51301
    2.51811
    2.52322
    2.52833
    2.53343
    2.53854
    2.54365
    2.54875
    2.55386
    2.55897
    2.56407
    2.56918
    2.57428
    2.57939
     2.5845
     2.5845
     2.5845
     2.5845
     2.5845
     2.5845
     2.5845
     2.5845
     2.5845
     2.5845
     2.5845
     2.5845
     2.5845
     2.5845
     2.5845
     2.5845
     2.5845
     2.5845
     2.5845
     2.5845
     2.5845
     2.5845
     2.5845
     2.5845
     2.5845
     2.5845
     2.5845
     2.5845
     2.5845
     2.5845
     2.5845
     2.5845
     2.5845
     2.5845
     2.5845
     2.5845
     2.5845
     2.5845
     2.5845
     2.5845
     2.5845
     2.5845
     2.5845
     2.5845
     2.5845
     2.5845
     2.5845
     2.5845
     2.5845
     2.5845
     2.5845
     2.5845
     2.5845
     2.5845
     2.5845
     2.5845
     2.5845
     2.5845
     2.5845
     2.5845
     2.5845
     2.5845
     2.5845
     2.5845
     2.5845
     2.5845
     2.5845
     2.5845
     2.5845
     2.5845
     2.5845
     2.5845
     2.5845
     2.5845
     2.5896
    2.59471
    2.59982
    2.60492
    2.61003
    2.61514
    2.62024
    2.62535
    2.63046
    2.63556
    2.64067
    2.64577
    2.65088
    2.65599
    2.66109
     2.6662
    2.67131
    2.67641
    2.68152
    2.68663
    2.69173
    2.69684
    2.70194
    2.70705
    2.71216
    2.71726
    2.72237
    2.72748
    2.73258
    2.73769
     2.7428
     2.7479
    2.75301
    2.75811
    2.76322
    2.76833
    2.77343
    2.77854
    2.78365
    2.78875
    2.79386
    2.79897
    2.80407
    2.80918
    2.81428
    2.81939
     2.8245
     2.8245
     2.8245
     2.8245
     2.8245
     2.8245
     2.8245
     2.8245
     2.8245
     2.8245
     2.8245
     2.8245
     2.8245
     2.8245
     2.8245
     2.8245
     2.8245
     2.8245
     2.8245
     2.8245
     2.8245
     2.8245
     2.8245
     2.8245
     2.8245
     2.8245
     2.8245
     2.8245
     2.8245
     2.8245
     2.8245
     2.8245
     2.8245
     2.8245
     2.8245
     2.8245
     2.8245
     2.8245
     2.8245
     2.8245
     2.8245
     2.8245
     2.8245
     2.8245
     2.8245
     2.8245
     2.8245
     2.8245
     2.8245
     2.8245
     2.8245
     2.8245
     2.8245
     2.8245
     2.8245
     2.8245
     2.8245
     2.8245
     2.8245
     2.8245
     2.8245
     2.8245
     2.8245
     2.8245
     2.8245
     2.8245
     2.8245
     2.8245
     2.8245
     2.8245
     2.8245
     2.8245
     2.8245
     2.8245
     2.8296
    2.83471
    2.83982
    2.84492
    2.85003
    2.85514
    2.86024
    2.86535
    2.87046
    2.87556
    2.88067
    2.88577
    2.89088
    2.89599
    2.90109
     2.9062
    2.91131
    2.91641
    2.92152
    2.92663
    2.93173
    2.93684
    2.94194
    2.94705
    2.95216
    2.95726
    2.96237
    2.96748
    2.97258
    2.97769
     2.9828
     2.9879
    2.99301
    2.99811
    3.00322
    3.00833
    3.01343
    3.01854
    3.02365
    3.02875
    3.03386
    3.03897
    3.04407
    3.04918
    3.05428
    3.05939
     3.0645
     3.0645
     3.0645
     3.0645
     3.0645
     3.0645
     3.0645
     3.0645
     3.0645
     3.0645
     3.0645
     3.0645
     3.0645
     3.0645
     3.0645
     3.0645
     3.0645
     3.0645
     3.0645
     3.0645
     3.0645
     3.0645
     3.0645
     3.0645
     3.0645
     3.0645
     3.0645
     3.0645
     3.0645
     3.0645
     3.0645
     3.0645
     3.0645
     3.0645
     3.0645
     3.0645
     3.0645
     3.0645
     3.0645
     3.0645
     3.0645
     3.0645
     3.0645
     3.0645
     3.0645
     3.0645
     3.0645
     3.0645
     3.0645
     3.0645
     3.0645
     3.0645
     3.0645
     3.0645
     3.0645
     3.0645
     3.0645
     3.0645
     3.0645
     3.0645
     3.0645
     3.0645
     3.0645
     3.0645
     3.0645
     3.0645
     3.0645
     3.0645
     3.0645
     3.0645
     3.0645
     3.0645
     3.0645
     3.0645
     3.0696
    3.07471
    3.07982
    3.08492
    3.09003
    3.09514
    3.10024
    3.10535
    3.11046
    3.11556
    3.12067
    3.12577
    3.13088
    3.13599
    3.14109
     3.1462
    3.15131
    3.15641
    3.16152
    3.16663
    3.17173
    3.17684
    3.18194
    3.18705
    3.19216
    3.19726
    3.20237
    3.20748
    3.21258
    3.21769
     3.2228
     3.2279
    3.23301
    3.23811
    3.24322
    3.24833
    3.25343
    3.25854
    3.26365
    3.26875
    3.27386
    3.27897
    3.28407
    3.28918
    3.29428
    3.29939
     3.3045
     3.3045
     3.3045
     3.3045
     3.3045
     3.3045
     3.3045
     3.3045
     3.3045
     3.3045
     3.3045
     3.3045
     3.3045
     3.3045
     3.3045
     3.3045
     3.3045
     3.3045
     3.3045
     3.3045
     3.3045
     3.3045
     3.3045
     3.3045
     3.3045
     3.3045
     3.3045
     3.3045
     3.3045
     3.3045
     3.3045
     3.3045
     3.3045
     3.3045
     3.3045
     3.3045
     3.3045
     3.3045
     3.3045
     3.3045
     3.3045
     3.3045
     3.3045
     3.3045
     3.3045
     3.3045
     3.3045
     3.3045
     3.3045
     3.3045
     3.3045
     3.3045
     3.3045
     3.3045
     3.3045
     3.3045
     3.3045
     3.3045
     3.3045
     3.3045
     3.3045
     3.3045
     3.3045
     3.3045
     3.3045
     3.3045
     3.3045
     3.3045
     3.3045
     3.3045
     3.3045
     3.3045
     3.3045
     3.3045
     3.3096
    3.31471
    3.31982
    3.32492
    3.33003
    3.33514
    3.34024
    3.34535
    3.35046
    3.35556
    3.36067
    3.36577
    3.37088
    3.37599
    3.38109
     3.3862
    3.39131
    3.39641
    3.40152
    3.40663
    3.41173
    3.41684
    3.42194
    3.42705
    3.43216
    3.43726
    3.44237
    3.44748
    3.45258
    3.45769
     3.4628
     3.4679
    3.47301
    3.47811
    3.48322
    3.48833
    3.49343
    3.49854
    3.50365
    3.50875
    3.51386
    3.51897
    3.52407
    3.52918
    3.53428
    3.53939
     3.5445
     3.5445
     3.5445
     3.5445
     3.5445
     3.5445
     3.5445
     3.5445
     3.5445
     3.5445
     3.5445
     3.5445
     3.5445
     3.5445
     3.5445
     3.5445
     3.5445
     3.5445
     3.5445
     3.5445
     3.5445
     3.5445
     3.5445
     3.5445
     3.5445
     3.5445
     3.5445
     3.5445
     3.5445
     3.5445
     3.5445
     3.5445
     3.5445
     3.5445
     3.5445
     3.5445
     3.5445
     3.5445
     3.5445
     3.5445
     3.5445
     3.5445
     3.5445
     3.5445
     3.5445
     3.5445
     3.5445
     3.5445
     3.5445
     3.5445
     3.5445
     3.5445
     3.5445
     3.5445
     3.5445
     3.5445
     3.5445
     3.5445
     3.5445
     3.5445
     3.5445
     3.5445
     3.5445
     3.5445
     3.5445
     3.5445
     3.5445
     3.5445
     3.5445
     3.5445
     3.5445
     3.5445
     3.5445
     3.5445
     3.5496
    3.55471
    3.55982
    3.56492
    3.57003
    3.57514
    3.58024
    3.58535
    3.59046
    3.59556
    3.60067
    3.60577
    3.61088
    3.61599
    3.62109
     3.6262
    3.63131
    3.63641
    3.64152
    3.64663
    3.65173
    3.65684
    3.66194
    3.66705
    3.67216
    3.67726
    3.68237
    3.68748
    3.69258
    3.69769
     3.7028
     3.7079
    3.71301
    3.71811
    3.72322
    3.72833
    3.73343
    3.73854
    3.74365
    3.74875
    3.75386
    3.75897
    3.76407
    3.76918
    3.77428
    3.77939
     3.7845
     3.7845
     3.7845
     3.7845
     3.7845
     3.7845
     3.7845
     3.7845
     3.7845
     3.7845
     3.7845
     3.7845
     3.7845
     3.7845
     3.7845
     3.7845
     3.7845
     3.7845
     3.7845
     3.7845
     3.7845
     3.7845
     3.7845
     3.7845
     3.7845
     3.7845
     3.7845
     3.7845
     3.7845
     3.7845
     3.7845
     3.7845
     3.7845
     3.7845
     3.7845
     3.7845
     3.7845
     3.7845
     3.7845
     3.7845
     3.7845
     3.7845
     3.7845
     3.7845
     3.7845
     3.7845
     3.7845
     3.7845
     3.7845
     3.7845
     3.7845
     3.7845
     3.7845
     3.7845
     3.7845
     3.7845
     3.7845
     3.7845
     3.7845
     3.7845
     3.7845
     3.7845
     3.7845
     3.7845
     3.7845
     3.7845
     3.7845
     3.7845
     3.7845
     3.7845
     3.7845
     3.7845
     3.7845
     3.7845
     3.7896
    3.79471
    3.79982
    3.80492
    3.81003
    3.81514
    3.82024
    3.82535
    3.83046
    3.83556
    3.84067
    3.84577
    3.85088
    3.85599
    3.86109
     3.8662
    3.87131
    3.87641
    3.88152
    3.88663
    3.89173
    3.89684
    3.90194
    3.90705
    3.91216
    3.91726
    3.92237
    3.92748
    3.93258
    3.93769
     3.9428
     3.9479
    3.95301
    3.95811
    3.96322
    3.96833
    3.97343
    3.97854
    3.98365
    3.98875
    3.99386
    3.99897
    4.00407
    4.00918
    4.01428
    4.01939
     4.0245
     4.0245
     4.0245
     4.0245
     4.0245
     4.0245
     4.0245
     4.0245
     4.0245
     4.0245
     4.0245
     4.0245
     4.0245
     4.0245
     4.0245
     4.0245
     4.0245
     4.0245
     4.0245
     4.0245
     4.0245
     4.0245
     4.0245
     4.0245
     4.0245
     4.0245
     4.0245
     4.0245
     4.0245
     4.0245
     4.0245
     4.0245
     4.0245
     4.0245
     4.0245
     4.0245
     4.0245
     4.0245
     4.0245
     4.0245
     4.0245
     4.0245
     4.0245
     4.0245
     4.0245
     4.0245
     4.0245
     4.0245
     4.0245
     4.0245
     4.0245
     4.0245
     4.0245
     4.0245
     4.0245
     4.0245
     4.0245
     4.0245
     4.0245
     4.0245
     4.0245
     4.0245
     4.0245
     4.0245
     4.0245
     4.0245
     4.0245
     4.0245
     4.0245
     4.0245
     4.0245
     4.0245
     4.0245
     4.0245
     4.0296
    4.03471
    4.03982
    4.04492
    4.05003
    4.05514
    4.06024
    4.06535
    4.07046
    4.07556
    4.08067
    4.08577
    4.09088
    4.09599
    4.10109
     4.1062
    4.11131
    4.11641
    4.12152
    4.12663
    4.13173
    4.13684
    4.14194
    4.14705
    4.15216
    4.15726
    4.16237
    4.16748
    4.17258
    4.17769
     4.1828
     4.1879
    4.19301
    4.19811
    4.20322
    4.20833
    4.21343
    4.21854
    4.22365
    4.22875
    4.23386
    4.23897
    4.24407
    4.24918
    4.25428
    4.25939
     4.2645
     4.2645
     4.2645
     4.2645
     4.2645
     4.2645
     4.2645
     4.2645
     4.2645
     4.2645
     4.2645
     4.2645
     4.2645
     4.2645
     4.2645
     4.2645
     4.2645
     4.2645
     4.2645
     4.2645
     4.2645
     4.2645
     4.2645
     4.2645
     4.2645
     4.2645
     4.2645
     4.2645
     4.2645
     4.2645
     4.2645
     4.2645
     4.2645
     4.2645
     4.2645
     4.2645
     4.2645
     4.2645
     4.2645
     4.2645
     4.2645
     4.2645
     4.2645
     4.2645
     4.2645
     4.2645
     4.2645
     4.2645
     4.2645
     4.2645
     4.2645
     4.2645
     4.2645
     4.2645
     4.2645
     4.2645
     4.2645
     4.2645
     4.2645
     4.2645
     4.2645
     4.2645
     4.2645
     4.2645
     4.2645
     4.2645
     4.2645
     4.2645
     4.2645
     4.2645
     4.2645
     4.2645
     4.2645
     4.2645
     4.2696
    4.27471
    4.27982
    4.28492
    4.29003
    4.29514
    4.30024
    4.30535
    4.31046
    4.31556
    4.32067
    4.32577
    4.33088
    4.33599
    4.34109
     4.3462
    4.35131
    4.35641
    4.36152
    4.36663
    4.37173
    4.37684
    4.38194
    4.38705
    4.39216
    4.39726
    4.40237
    4.40748
    4.41258
    4.41769
     4.4228
     4.4279
    4.43301
    4.43811
    4.44322
    4.44833
    4.45343
    4.45854
    4.46365
    4.46875
    4.47386
    4.47897
    4.48407
    4.48918
    4.49428
    4.49939
     4.5045
     4.5045
     4.5045
     4.5045
     4.5045
     4.5045
     4.5045
     4.5045
     4.5045
     4.5045
     4.5045
     4.5045
     4.5045
     4.5045
     4.5045
     4.5045
     4.5045
     4.5045
     4.5045
     4.5045
     4.5045
     4.5045
     4.5045
     4.5045
     4.5045
     4.5045
     4.5045
     4.5045
     4.5045
     4.5045
     4.5045
     4.5045
     4.5045
     4.5045
     4.5045
     4.5045
     4.5045
     4.5045
     4.5045
     4.5045
     4.5045
     4.5045
     4.5045
     4.5045
     4.5045
     4.5045
     4.5045
     4.5045
     4.5045
     4.5045
     4.5045
     4.5045
     4.5045
     4.5045
     4.5045
     4.5045
     4.5045
     4.5045
     4.5045
     4.5045
     4.5045
     4.5045
     4.5045
     4.5045
     4.5045
     4.5045
     4.5045
     4.5045
     4.5045
     4.5045
     4.5045
     4.5045
     4.5045
     4.5045
     4.5096
    4.51471
    4.51982
    4.52492
    4.53003
    4.53514
    4.54024
    4.54535
    4.55046
    4.55556
    4.56067
    4.56577
    4.57088
    4.57599
    4.58109
     4.5862
    4.59131
    4.59641
    4.60152
    4.60663
    4.61173
    4.61684
    4.62194
    4.62705
    4.63216
    4.63726
    4.64237
    4.64748
    4.65258
    4.65769
     4.6628
     4.6679
    4.67301
    4.67811
    4.68322
    4.68833
    4.69343
    4.69854
    4.70365
    4.70875
    4.71386
    4.71897
    4.72407
    4.72918
    4.73428
    4.73939
     4.7445
     4.7445
     4.7445
     4.7445
     4.7445
     4.7445
     4.7445
     4.7445
     4.7445
     4.7445
     4.7445
     4.7445
     4.7445
     4.7445
     4.7445
     4.7445
     4.7445
     4.7445
     4.7445
     4.7445
     4.7445
     4.7445
     4.7445
     4.7445
     4.7445
     4.7445
     4.7445
     4.7445
     4.7445
     4.7445
     4.7445
     4.7445
     4.7445
     4.7445
     4.7445
     4.7445
     4.7445
     4.7445
     4.7445
     4.7445
     4.7445
     4.7445
     4.7445
     4.7445
     4.7445
     4.7445
     4.7445
     4.7445
     4.7445
     4.7445
     4.7445
     4.7445
     4.7445
     4.7445
     4.7445
     4.7445
     4.7445
     4.7445
     4.7445
     4.7445
     4.7445
     4.7445
     4.7445
     4.7445
     4.7445
     4.7445
     4.7445
     4.7445
     4.7445
     4.7445
     4.7445
     4.7445
     4.7445
     4.7445
     4.7496
    4.75471
    4.75982
    4.76492
    4.77003
    4.77514
    4.78024
    4.78535
    4.79046
    4.79556
    4.80067
    4.80577
    4.81088
    4.81599
    4.82109
     4.8262
    4.83131
    4.83641
    4.84152
    4.84663
    4.85173
    4.85684
    4.86194
    4.86705
    4.87216
    4.87726
    4.88237
    4.88748
    4.89258
    4.89769
     4.9028
     4.9079
    4.91301
    4.91811
    4.92322
    4.92833
    4.93343
    4.93854
    4.94365
    4.94875
    4.95386
    4.95897
    4.96407
    4.96918
    4.97428
    4.97939
     4.9845
     4.9845
     4.9845
     4.9845
     4.9845
     4.9845
     4.9845
     4.9845
     4.9845
     4.9845
     4.9845
     4.9845
     4.9845
     4.9845
     4.9845
     4.9845
     4.9845
     4.9845
     4.9845
     4.9845
     4.9845
     4.9845
     4.9845
     4.9845
     4.9845
     4.9845
     4.9845
     4.9845
     4.9845
     4.9845
     4.9845
     4.9845
     4.9845
     4.9845
     4.9845
     4.9845
     4.9845
     4.9845
     4.9845
     4.9845
     4.9845
     4.9845
     4.9845
     4.9845
     4.9845
     4.9845
     4.9845
     4.9845
     4.9845
     4.9845
     4.9845
     4.9845
     4.9845
     4.9845
     4.9845
     4.9845
     4.9845
     4.9845
     4.9845
     4.9845
     4.9845
     4.9845
     4.9845
     4.9845
     4.9845
     4.9845
     4.9845
     4.9845
     4.9845
     4.9845
     4.9845
     4.9845
     4.9845
     4.9845
     4.9896
    4.99471
    4.99982
    5.00492
    5.01003
    5.01514
    5.02024
    5.02535
    5.03046
    5.03556
    5.04067
    5.04577
    5.05088
    5.05599
    5.06109
     5.0662
    5.07131
    5.07641
    5.08152
    5.08663
    5.09173
    5.09684
    5.10194
    5.10705
    5.11216
    5.11726
    5.12237
    5.12748
    5.13258
    5.13769
     5.1428
     5.1479
    5.15301
    5.15811
    5.16322
    5.16833
    5.17343
    5.17854
    5.18365
    5.18875
    5.19386
    5.19897
    5.20407
    5.20918
    5.21428
    5.21939
     5.2245
     5.2245
     5.2245
     5.2245
     5.2245
     5.2245
     5.2245
     5.2245
     5.2245
     5.2245
     5.2245
     5.2245
     5.2245
     5.2245
     5.2245
     5.2245
     5.2245
     5.2245
     5.2245
     5.2245
     5.2245
     5.2245
     5.2245
     5.2245
     5.2245
     5.2245
     5.2245
     5.2245
     5.2245
     5.2245
     5.2245
     5.2245
     5.2245
     5.2245
     5.2245
     5.2245
     5.2245
     5.2245
     5.2245
     5.2245
     5.2245
     5.2245
     5.2245
     5.2245
     5.2245
     5.2245
     5.2245
     5.2245
     5.2245
     5.2245
     5.2245
     5.2245
     5.2245
     5.2245
     5.2245
     5.2245
     5.2245
     5.2245
     5.2245
     5.2245
     5.2245
     5.2245
     5.2245
     5.2245
     5.2245
     5.2245
     5.2245
     5.2245
     5.2245
     5.2245
     5.2245
     5.2245
     5.2245
     5.2245
     5.2296
    5.23471
    5.23982
    5.24492
    5.25003
    5.25514
    5.26024
    5.26535
    5.27046
    5.27556
    5.28067
    5.28577
    5.29088
    5.29599
    5.30109
     5.3062
    5.31131
    5.31641
    5.32152
    5.32663
    5.33173
    5.33684
    5.34194
    5.34705
    5.35216
    5.35726
    5.36237
    5.36748
    5.37258
    5.37769
     5.3828
     5.3879
    5.39301
    5.39811
    5.40322
    5.40833
    5.41343
    5.41854
    5.42365
    5.42875
    5.43386
    5.43897
    5.44407
    5.44918
    5.45428
    5.45939
     5.4645
     5.4645
     5.4645
     5.4645
     5.4645
     5.4645
     5.4645
     5.4645
     5.4645
     5.4645
     5.4645
     5.4645
     5.4645
     5.4645
     5.4645
     5.4645
     5.4645
     5.4645
     5.4645
     5.4645
     5.4645
     5.4645
     5.4645
     5.4645
     5.4645
     5.4645
     5.4645
     5.4645
     5.4645
     5.4645
     5.4645
     5.4645
     5.4645
     5.4645
     5.4645
     5.4645
     5.4645
     5.4645
     5.4645
     5.4645
     5.4645
     5.4645
     5.4645
     5.4645
     5.4645
     5.4645
     5.4645
     5.4645
     5.4645
     5.4645
     5.4645
     5.4645
     5.4645
     5.4645
     5.4645
     5.4645
     5.4645
     5.4645
     5.4645
     5.4645
     5.4645
     5.4645
     5.4645
     5.4645
     5.4645
     5.4645
     5.4645
     5.4645
     5.4645
     5.4645
     5.4645
     5.4645
     5.4645
     5.4645
     5.4696
    5.47471
    5.47982
    5.48492
    5.49003
    5.49514
    5.50024
    5.50535
    5.51046
    5.51556
    5.52067
    5.52577
    5.53088
    5.53599
    5.54109
     5.5462
    5.55131
    5.55641
    5.56152
    5.56663
    5.57173
    5.57684
    5.58194
    5.58705
    5.59216
    5.59726
    5.60237
    5.60748
    5.61258
    5.61769
     5.6228
     5.6279
    5.63301
    5.63811
    5.64322
    5.64833
    5.65343
    5.65854
    5.66365
    5.66875
    5.67386
    5.67897
    5.68407
    5.68918
    5.69428
    5.69939
     5.7045
     5.7045
     5.7045
     5.7045
     5.7045
     5.7045
     5.7045
     5.7045
     5.7045
     5.7045
     5.7045
     5.7045
     5.7045
     5.7045
     5.7045
     5.7045
     5.7045
     5.7045
     5.7045
     5.7045
     5.7045
     5.7045
     5.7045
     5.7045
     5.7045
     5.7045
     5.7045
     5.7045
     5.7045
     5.7045
     5.7045
     5.7045
     5.7045
     5.7045
     5.7045
     5.7045
     5.7045
     5.7045
     5.7045
     5.7045
     5.7045
     5.7045
     5.7045
