         0
         0
         0
         0
         0
         0
         0
         0
         0
         0
         0
         0
         0
         0
         0
         0
         0
         0
         0
         0
         0
         0
         0
         0
         0
         0
         0
         0
         0
         0
         0
         0
         0
         0
         0
         0
         0
         0
         0
         0
         0
         0
         0
         0
         0
         0
         0
         0
         0
         0
         0
         0
         0
         0
         0
         0
         0
         0
         0
         0
         0
         0
         0
         0
         0
         0
         0
         0
         0
         0
         0
         0
         0
         0
         0
         0
0.00214215
0.00420496
0.00618843
0.00809256
0.00991736
 0.0116628
 0.0133289
 0.0149157
 0.0164231
 0.0178512
    0.0192
 0.0204694
 0.0216595
 0.0227702
 0.0238017
 0.0247537
 0.0256264
 0.0264198
 0.0271339
 0.0277686
  0.028324
    0.0288
 0.0291967
  0.029514
 0.0297521
 0.0299107
 0.0299901
 0.0299901
 0.0299107
 0.0297521
  0.029514
 0.0291967
    0.0288
  0.028324
 0.0277686
 0.0271339
 0.0264198
 0.0256264
 0.0247537
 0.0238017
 0.0227702
 0.0216595
 0.0204694
    0.0192
 0.0178512
 0.0164231
 0.0149157
 0.0133289
 0.0116628
0.00991736
0.00809256
0.00618843
0.00420496
0.00214215
         0
         0
         0
         0
         0
         0
         0
         0
         0
         0
         0
         0
         0
         0
         0
         0
         0
         0
         0
         0
         0
         0
         0
         0
         0
         0
         0
         0
         0
         0
         0
         0
         0
         0
         0
         0
         0
         0
         0
         0
         0
         0
         0
         0
         0
         0
         0
         0
         0
         0
         0
         0
         0
         0
         0
         0
         0
         0
         0
         0
         0
         0
         0
         0
         0
         0
         0
         0
         0
         0
         0
         0
         0
         0
         0
         0
         0
         0
         0
         0
         0
  0.002925
    0.0057
  0.008325
    0.0108
  0.013125
    0.0153
  0.017325
    0.0192
  0.020925
    0.0225
  0.023925
    0.0252
  0.026325
    0.0273
  0.028125
    0.0288
  0.029325
    0.0297
  0.029925
      0.03
  0.029925
    0.0297
  0.029325
    0.0288
  0.028125
    0.0273
  0.026325
    0.0252
  0.023925
    0.0225
  0.020925
    0.0192
  0.017325
    0.0153
  0.013125
    0.0108
  0.008325
    0.0057
  0.002925
         0
         0
         0
         0
         0
         0
         0
         0
         0
         0
         0
         0
         0
         0
         0
         0
         0
         0
         0
         0
         0
         0
         0
         0
         0
         0
         0
         0
         0
         0
         0
         0
         0
         0
         0
         0
         0
         0
         0
         0
         0
         0
         0
         0
         0
         0
         0
         0
         0
         0
         0
         0
         0
         0
         0
         0
         0
         0
         0
         0
         0
         0
         0
         0
         0
         0
         0
         0
         0
         0
         0
         0
         0
         0
         0
         0
         0
         0
         0
         0
         0
  0.002925
    0.0057
  0.008325
    0.0108
  0.013125
    0.0153
  0.017325
    0.0192
  0.020925
    0.0225
  0.023925
    0.0252
  0.026325
    0.0273
  0.028125
    0.0288
  0.029325
    0.0297
  0.029925
      0.03
  0.029925
    0.0297
  0.029325
    0.0288
  0.028125
    0.0273
  0.026325
    0.0252
  0.023925
    0.0225
  0.020925
    0.0192
  0.017325
    0.0153
  0.013125
    0.0108
  0.008325
    0.0057
  0.002925
         0
         0
         0
         0
         0
         0
         0
         0
         0
         0
         0
         0
         0
         0
         0
         0
         0
         0
         0
         0
         0
         0
         0
         0
         0
         0
         0
         0
         0
         0
         0
         0
         0
         0
         0
         0
         0
         0
         0
         0
         0
         0
         0
         0
         0
         0
         0
         0
         0
         0
         0
         0
         0
         0
         0
         0
         0
         0
         0
         0
         0
         0
         0
         0
         0
         0
         0
         0
         0
         0
         0
         0
         0
         0
         0
         0
         0
         0
         0
         0
         0
  0.002925
    0.0057
  0.008325
    0.0108
  0.013125
    0.0153
  0.017325
    0.0192
  0.020925
    0.0225
  0.023925
    0.0252
  0.026325
    0.0273
  0.028125
    0.0288
  0.029325
    0.0297
  0.029925
      0.03
  0.029925
    0.0297
  0.029325
    0.0288
  0.028125
    0.0273
  0.026325
    0.0252
  0.023925
    0.0225
  0.020925
    0.0192
  0.017325
    0.0153
  0.013125
    0.0108
  0.008325
    0.0057
  0.002925
         0
         0
         0
         0
         0
         0
         0
         0
         0
         0
