  -0.0355023
  -0.0355023
  -0.0355023
  -0.0355023
  -0.0355023
  -0.0355023
  -0.0355023
  -0.0355023
  -0.0355023
  -0.0355023
  -0.0355023
  -0.0355023
  -0.0355023
  -0.0355023
  -0.0355023
  -0.0355023
  -0.0355023
  -0.0355023
  -0.0355023
  -0.0355023
  -0.0355023
  -0.0355023
  -0.0355023
  -0.0355023
  -0.0355023
  -0.0355023
  -0.0355023
  -0.0355023
  -0.0355023
  -0.0355023
  -0.0355023
  -0.0355023
  -0.0355023
  -0.0355023
  -0.0355023
  -0.0355023
  -0.0355023
  -0.0355023
  -0.0355023
  -0.0355023
  -0.0355023
  -0.0355023
  -0.0355023
  -0.0355023
  -0.0355023
  -0.0355023
  -0.0355023
  -0.0355023
  -0.0355023
  -0.0355023
  -0.0355023
  -0.0355023
  -0.0355023
  -0.0355023
  -0.0355023
  -0.0355023
  -0.0355023
  -0.0355023
  -0.0355023
  -0.0355023
  -0.0355023
  -0.0355023
  -0.0355023
  -0.0355023
  -0.0355023
  -0.0355023
  -0.0355023
  -0.0355023
  -0.0355023
  -0.0355023
  -0.0355023
  -0.0355023
  -0.0355023
  -0.0355023
  -0.0355023
  -0.0355023
  -0.0338894
  -0.0322765
  -0.0306635
  -0.0290506
  -0.0274377
  -0.0258248
  -0.0242119
   -0.022599
  -0.0209861
  -0.0193732
  -0.0177603
  -0.0161474
  -0.0145345
  -0.0129216
  -0.0113087
 -0.00969581
  -0.0080829
    -0.00647
  -0.0048571
 -0.00324419
 -0.00163129
-1.83863e-05
  0.00159452
  0.00320742
  0.00482032
  0.00643323
  0.00804613
  0.00965903
   0.0112719
   0.0128848
   0.0144977
   0.0161106
   0.0177235
   0.0193365
   0.0209494
   0.0225623
   0.0241752
   0.0257881
    0.027401
   0.0290139
   0.0306268
   0.0322397
   0.0338526
   0.0354655
   0.0370784
   0.0386913
   0.0403042
   0.0419171
     0.04353
   0.0451429
   0.0467558
   0.0483687
   0.0499816
   0.0515945
   0.0532074
   0.0548203
   0.0564332
   0.0580461
    0.059659
   0.0612719
   0.0628848
   0.0644977
   0.0644977
   0.0644977
   0.0644977
   0.0644977
   0.0644977
   0.0644977
   0.0644977
   0.0644977
   0.0644977
   0.0644977
   0.0644977
   0.0644977
   0.0644977
   0.0644977
   0.0644977
   0.0644977
   0.0644977
   0.0644977
   0.0644977
   0.0644977
   0.0644977
   0.0644977
   0.0644977
   0.0644977
   0.0644977
   0.0644977
   0.0644977
   0.0644977
   0.0644977
   0.0644977
   0.0644977
   0.0644977
   0.0644977
   0.0644977
   0.0644977
   0.0644977
   0.0644977
   0.0644977
   0.0644977
   0.0644977
   0.0644977
   0.0644977
   0.0644977
   0.0644977
   0.0644977
   0.0644977
   0.0644977
   0.0644977
   0.0644977
   0.0644977
   0.0644977
   0.0644977
   0.0644977
   0.0644977
   0.0644977
   0.0644977
   0.0644977
   0.0644977
   0.0644977
   0.0644977
   0.0644977
   0.0644977
   0.0644977
   0.0644977
   0.0644977
   0.0644977
   0.0644977
   0.0644977
   0.0644977
   0.0644977
   0.0644977
   0.0644977
   0.0644977
   0.0696041
   0.0747105
   0.0798169
   0.0849233
   0.0900297
    0.095136
    0.100242
    0.105349
    0.110455
    0.115562
    0.120668
    0.125774
    0.130881
    0.135987
    0.141093
      0.1462
    0.151306
    0.156413
    0.161519
    0.166625
    0.171732
    0.176838
    0.181945
    0.187051
    0.192157
    0.197264
     0.20237
    0.207476
    0.212583
    0.217689
    0.222796
    0.227902
    0.233008
    0.238115
    0.243221
    0.248328
    0.253434
     0.25854
    0.263647
    0.268753
    0.273859
    0.278966
    0.284072
    0.289179
    0.294285
    0.299391
    0.304498
    0.304498
    0.304498
    0.304498
    0.304498
    0.304498
    0.304498
    0.304498
    0.304498
    0.304498
    0.304498
    0.304498
    0.304498
    0.304498
    0.304498
    0.304498
    0.304498
    0.304498
    0.304498
    0.304498
    0.304498
    0.304498
    0.304498
    0.304498
    0.304498
    0.304498
    0.304498
    0.304498
    0.304498
    0.304498
    0.304498
    0.304498
    0.304498
    0.304498
    0.304498
    0.304498
    0.304498
    0.304498
    0.304498
    0.304498
    0.304498
    0.304498
    0.304498
    0.304498
    0.304498
    0.304498
    0.304498
    0.304498
    0.304498
    0.304498
    0.304498
    0.304498
    0.304498
    0.304498
    0.304498
    0.304498
    0.304498
    0.304498
    0.304498
    0.304498
    0.304498
    0.304498
    0.304498
    0.304498
    0.304498
    0.304498
    0.304498
    0.304498
    0.304498
    0.304498
    0.304498
    0.304498
    0.304498
    0.304498
    0.309604
    0.314711
    0.319817
    0.324923
     0.33003
    0.335136
    0.340242
    0.345349
    0.350455
    0.355562
    0.360668
    0.365774
    0.370881
    0.375987
    0.381093
      0.3862
    0.391306
    0.396413
    0.401519
    0.406625
    0.411732
    0.416838
    0.421945
    0.427051
    0.432157
    0.437264
     0.44237
    0.447476
    0.452583
    0.457689
    0.462796
    0.467902
    0.473008
    0.478115
    0.483221
    0.488328
    0.493434
     0.49854
    0.503647
    0.508753
    0.513859
    0.518966
    0.524072
    0.529179
    0.534285
    0.539391
    0.544498
    0.544498
    0.544498
    0.544498
    0.544498
    0.544498
    0.544498
    0.544498
    0.544498
    0.544498
    0.544498
    0.544498
    0.544498
    0.544498
    0.544498
    0.544498
    0.544498
    0.544498
    0.544498
    0.544498
    0.544498
    0.544498
    0.544498
    0.544498
    0.544498
    0.544498
    0.544498
    0.544498
    0.544498
    0.544498
    0.544498
    0.544498
    0.544498
    0.544498
    0.544498
    0.544498
    0.544498
    0.544498
    0.544498
    0.544498
    0.544498
    0.544498
    0.544498
    0.544498
    0.544498
    0.544498
    0.544498
    0.544498
    0.544498
    0.544498
    0.544498
    0.544498
    0.544498
    0.544498
    0.544498
    0.544498
    0.544498
    0.544498
    0.544498
    0.544498
    0.544498
    0.544498
    0.544498
    0.544498
    0.544498
    0.544498
    0.544498
    0.544498
    0.544498
    0.544498
    0.544498
    0.544498
    0.544498
    0.544498
    0.549604
    0.554711
    0.559817
    0.564923
     0.57003
    0.575136
    0.580242
    0.585349
    0.590455
    0.595562
    0.600668
    0.605774
    0.610881
    0.615987
    0.621093
      0.6262
    0.631306
    0.636413
    0.641519
    0.646625
    0.651732
    0.656838
    0.661945
    0.667051
    0.672157
    0.677264
     0.68237
    0.687476
    0.692583
    0.697689
    0.702796
    0.707902
    0.713008
    0.718115
    0.723221
    0.728328
    0.733434
     0.73854
    0.743647
    0.748753
    0.753859
    0.758966
    0.764072
    0.769179
    0.774285
    0.779391
    0.784498
    0.784498
    0.784498
    0.784498
    0.784498
    0.784498
    0.784498
    0.784498
    0.784498
    0.784498
    0.784498
    0.784498
    0.784498
    0.784498
    0.784498
    0.784498
    0.784498
    0.784498
    0.784498
    0.784498
    0.784498
    0.784498
    0.784498
    0.784498
    0.784498
    0.784498
    0.784498
    0.784498
    0.784498
    0.784498
    0.784498
    0.784498
    0.784498
    0.784498
    0.784498
    0.784498
    0.784498
    0.784498
    0.784498
    0.784498
    0.784498
    0.784498
    0.784498
    0.784498
    0.784498
    0.784498
    0.784498
    0.784498
    0.784498
    0.784498
    0.784498
    0.784498
    0.784498
    0.784498
    0.784498
    0.784498
    0.784498
    0.784498
    0.784498
    0.784498
    0.784498
    0.784498
    0.784498
    0.784498
    0.784498
    0.784498
    0.784498
    0.784498
    0.784498
    0.784498
    0.784498
    0.784498
    0.784498
    0.784498
    0.789604
    0.794711
    0.799817
    0.804923
     0.81003
    0.815136
    0.820242
    0.825349
    0.830455
    0.835562
    0.840668
    0.845774
    0.850881
    0.855987
    0.861093
      0.8662
    0.871306
    0.876413
    0.881519
    0.886625
    0.891732
    0.896838
    0.901945
    0.907051
    0.912157
    0.917264
     0.92237
    0.927476
    0.932583
    0.937689
    0.942796
    0.947902
    0.953008
    0.958115
    0.963221
    0.968328
    0.973434
     0.97854
    0.983647
    0.988753
    0.993859
    0.998966
     1.00407
     1.00918
     1.01428
     1.01939
      1.0245
      1.0245
      1.0245
      1.0245
      1.0245
      1.0245
      1.0245
      1.0245
      1.0245
      1.0245
      1.0245
      1.0245
      1.0245
      1.0245
      1.0245
      1.0245
      1.0245
      1.0245
      1.0245
      1.0245
      1.0245
      1.0245
      1.0245
      1.0245
      1.0245
      1.0245
      1.0245
      1.0245
      1.0245
      1.0245
      1.0245
      1.0245
      1.0245
      1.0245
      1.0245
      1.0245
      1.0245
      1.0245
      1.0245
      1.0245
      1.0245
      1.0245
      1.0245
      1.0245
      1.0245
      1.0245
      1.0245
      1.0245
      1.0245
      1.0245
      1.0245
      1.0245
      1.0245
      1.0245
      1.0245
      1.0245
      1.0245
      1.0245
      1.0245
      1.0245
      1.0245
      1.0245
      1.0245
      1.0245
      1.0245
      1.0245
      1.0245
      1.0245
      1.0245
      1.0245
      1.0245
      1.0245
      1.0245
      1.0245
      1.0296
     1.03471
     1.03982
     1.04492
     1.05003
     1.05514
     1.06024
     1.06535
     1.07046
     1.07556
     1.08067
     1.08577
     1.09088
     1.09599
     1.10109
      1.1062
     1.11131
     1.11641
     1.12152
     1.12663
     1.13173
     1.13684
     1.14194
     1.14705
     1.15216
     1.15726
     1.16237
     1.16748
     1.17258
     1.17769
      1.1828
      1.1879
     1.19301
     1.19811
     1.20322
     1.20833
     1.21343
     1.21854
     1.22365
     1.22875
     1.23386
     1.23897
     1.24407
     1.24918
     1.25428
     1.25939
      1.2645
      1.2645
      1.2645
      1.2645
      1.2645
      1.2645
      1.2645
      1.2645
      1.2645
      1.2645
      1.2645
      1.2645
      1.2645
      1.2645
      1.2645
      1.2645
      1.2645
      1.2645
      1.2645
      1.2645
      1.2645
      1.2645
      1.2645
      1.2645
      1.2645
      1.2645
      1.2645
      1.2645
      1.2645
      1.2645
      1.2645
      1.2645
      1.2645
      1.2645
      1.2645
      1.2645
      1.2645
      1.2645
      1.2645
      1.2645
      1.2645
      1.2645
      1.2645
      1.2645
      1.2645
      1.2645
      1.2645
      1.2645
      1.2645
      1.2645
      1.2645
      1.2645
      1.2645
      1.2645
      1.2645
      1.2645
      1.2645
      1.2645
      1.2645
      1.2645
      1.2645
      1.2645
      1.2645
      1.2645
      1.2645
      1.2645
      1.2645
      1.2645
      1.2645
      1.2645
      1.2645
      1.2645
      1.2645
      1.2645
      1.2696
     1.27471
     1.27982
     1.28492
     1.29003
     1.29514
     1.30024
     1.30535
     1.31046
     1.31556
     1.32067
     1.32577
     1.33088
     1.33599
     1.34109
      1.3462
     1.35131
     1.35641
     1.36152
     1.36663
     1.37173
     1.37684
     1.38194
     1.38705
     1.39216
     1.39726
     1.40237
     1.40748
     1.41258
     1.41769
      1.4228
      1.4279
     1.43301
     1.43811
     1.44322
     1.44833
     1.45343
     1.45854
     1.46365
     1.46875
     1.47386
     1.47897
     1.48407
     1.48918
     1.49428
     1.49939
      1.5045
      1.5045
      1.5045
      1.5045
      1.5045
      1.5045
      1.5045
      1.5045
      1.5045
      1.5045
      1.5045
      1.5045
      1.5045
      1.5045
      1.5045
      1.5045
      1.5045
      1.5045
      1.5045
      1.5045
      1.5045
      1.5045
      1.5045
      1.5045
      1.5045
      1.5045
      1.5045
      1.5045
      1.5045
      1.5045
      1.5045
      1.5045
      1.5045
      1.5045
      1.5045
      1.5045
      1.5045
      1.5045
      1.5045
      1.5045
      1.5045
      1.5045
      1.5045
      1.5045
      1.5045
      1.5045
      1.5045
      1.5045
      1.5045
      1.5045
      1.5045
      1.5045
      1.5045
      1.5045
      1.5045
      1.5045
      1.5045
      1.5045
      1.5045
      1.5045
      1.5045
      1.5045
      1.5045
      1.5045
      1.5045
      1.5045
      1.5045
      1.5045
      1.5045
      1.5045
      1.5045
      1.5045
      1.5045
      1.5045
      1.5096
     1.51471
     1.51982
     1.52492
     1.53003
     1.53514
     1.54024
     1.54535
     1.55046
     1.55556
     1.56067
     1.56577
     1.57088
     1.57599
     1.58109
      1.5862
     1.59131
     1.59641
     1.60152
     1.60663
     1.61173
     1.61684
     1.62194
     1.62705
     1.63216
     1.63726
     1.64237
     1.64748
     1.65258
     1.65769
      1.6628
      1.6679
     1.67301
     1.67811
     1.68322
     1.68833
     1.69343
     1.69854
     1.70365
     1.70875
     1.71386
     1.71897
     1.72407
     1.72918
     1.73428
     1.73939
      1.7445
      1.7445
      1.7445
      1.7445
      1.7445
      1.7445
      1.7445
      1.7445
      1.7445
      1.7445
      1.7445
      1.7445
      1.7445
      1.7445
      1.7445
      1.7445
      1.7445
      1.7445
      1.7445
      1.7445
      1.7445
      1.7445
      1.7445
      1.7445
      1.7445
      1.7445
      1.7445
      1.7445
      1.7445
      1.7445
      1.7445
      1.7445
      1.7445
      1.7445
      1.7445
      1.7445
      1.7445
      1.7445
      1.7445
      1.7445
      1.7445
      1.7445
      1.7445
      1.7445
      1.7445
      1.7445
      1.7445
      1.7445
      1.7445
      1.7445
      1.7445
      1.7445
      1.7445
      1.7445
      1.7445
      1.7445
      1.7445
      1.7445
      1.7445
      1.7445
      1.7445
      1.7445
      1.7445
      1.7445
      1.7445
      1.7445
      1.7445
      1.7445
      1.7445
      1.7445
      1.7445
      1.7445
      1.7445
      1.7445
      1.7496
     1.75471
     1.75982
     1.76492
     1.77003
     1.77514
     1.78024
     1.78535
     1.79046
     1.79556
     1.80067
     1.80577
     1.81088
     1.81599
     1.82109
      1.8262
     1.83131
     1.83641
     1.84152
     1.84663
     1.85173
     1.85684
     1.86194
     1.86705
     1.87216
     1.87726
     1.88237
     1.88748
     1.89258
     1.89769
      1.9028
      1.9079
     1.91301
     1.91811
     1.92322
     1.92833
     1.93343
     1.93854
     1.94365
     1.94875
     1.95386
     1.95897
     1.96407
     1.96918
     1.97428
     1.97939
      1.9845
      1.9845
      1.9845
      1.9845
      1.9845
      1.9845
      1.9845
      1.9845
      1.9845
      1.9845
      1.9845
      1.9845
      1.9845
      1.9845
      1.9845
      1.9845
      1.9845
      1.9845
      1.9845
      1.9845
      1.9845
      1.9845
      1.9845
      1.9845
      1.9845
      1.9845
      1.9845
      1.9845
      1.9845
      1.9845
      1.9845
      1.9845
      1.9845
      1.9845
      1.9845
      1.9845
      1.9845
      1.9845
      1.9845
      1.9845
      1.9845
      1.9845
      1.9845
      1.9845
      1.9845
      1.9845
      1.9845
      1.9845
      1.9845
      1.9845
      1.9845
      1.9845
      1.9845
      1.9845
      1.9845
      1.9845
      1.9845
      1.9845
      1.9845
      1.9845
      1.9845
      1.9845
      1.9845
      1.9845
      1.9845
      1.9845
      1.9845
      1.9845
      1.9845
      1.9845
      1.9845
      1.9845
      1.9845
      1.9845
      1.9896
     1.99471
     1.99982
     2.00492
     2.01003
     2.01514
     2.02024
     2.02535
     2.03046
     2.03556
     2.04067
     2.04577
     2.05088
     2.05599
     2.06109
      2.0662
     2.07131
     2.07641
     2.08152
     2.08663
     2.09173
     2.09684
     2.10194
     2.10705
     2.11216
     2.11726
     2.12237
     2.12748
     2.13258
     2.13769
      2.1428
      2.1479
     2.15301
     2.15811
     2.16322
     2.16833
     2.17343
     2.17854
     2.18365
     2.18875
     2.19386
     2.19897
     2.20407
     2.20918
     2.21428
     2.21939
      2.2245
      2.2245
      2.2245
      2.2245
      2.2245
      2.2245
      2.2245
      2.2245
      2.2245
      2.2245
      2.2245
      2.2245
      2.2245
      2.2245
      2.2245
      2.2245
      2.2245
      2.2245
      2.2245
      2.2245
      2.2245
      2.2245
      2.2245
      2.2245
      2.2245
      2.2245
      2.2245
      2.2245
      2.2245
      2.2245
      2.2245
      2.2245
      2.2245
      2.2245
      2.2245
      2.2245
      2.2245
      2.2245
      2.2245
      2.2245
      2.2245
      2.2245
      2.2245
      2.2245
      2.2245
      2.2245
      2.2245
      2.2245
      2.2245
      2.2245
      2.2245
      2.2245
      2.2245
      2.2245
      2.2245
      2.2245
      2.2245
      2.2245
      2.2245
      2.2245
      2.2245
      2.2245
      2.2245
      2.2245
      2.2245
      2.2245
      2.2245
      2.2245
      2.2245
      2.2245
      2.2245
      2.2245
      2.2245
      2.2245
      2.2296
     2.23471
     2.23982
     2.24492
     2.25003
     2.25514
     2.26024
     2.26535
     2.27046
     2.27556
     2.28067
     2.28577
     2.29088
     2.29599
     2.30109
      2.3062
     2.31131
     2.31641
     2.32152
     2.32663
     2.33173
     2.33684
     2.34194
     2.34705
     2.35216
     2.35726
     2.36237
     2.36748
     2.37258
     2.37769
      2.3828
      2.3879
     2.39301
     2.39811
     2.40322
     2.40833
     2.41343
     2.41854
     2.42365
     2.42875
     2.43386
     2.43897
     2.44407
     2.44918
     2.45428
     2.45939
      2.4645
      2.4645
      2.4645
      2.4645
      2.4645
      2.4645
      2.4645
      2.4645
      2.4645
      2.4645
      2.4645
      2.4645
      2.4645
      2.4645
      2.4645
      2.4645
      2.4645
      2.4645
      2.4645
      2.4645
      2.4645
      2.4645
      2.4645
      2.4645
      2.4645
      2.4645
      2.4645
      2.4645
      2.4645
      2.4645
      2.4645
      2.4645
      2.4645
      2.4645
      2.4645
      2.4645
      2.4645
      2.4645
      2.4645
      2.4645
      2.4645
      2.4645
      2.4645
      2.4645
      2.4645
      2.4645
      2.4645
      2.4645
      2.4645
      2.4645
      2.4645
      2.4645
      2.4645
      2.4645
      2.4645
      2.4645
      2.4645
      2.4645
      2.4645
      2.4645
      2.4645
      2.4645
      2.4645
      2.4645
      2.4645
      2.4645
      2.4645
      2.4645
      2.4645
      2.4645
      2.4645
      2.4645
      2.4645
      2.4645
      2.4696
     2.47471
     2.47982
     2.48492
     2.49003
     2.49514
     2.50024
     2.50535
     2.51046
     2.51556
     2.52067
     2.52577
     2.53088
     2.53599
     2.54109
      2.5462
     2.55131
     2.55641
     2.56152
     2.56663
     2.57173
     2.57684
     2.58194
     2.58705
     2.59216
     2.59726
     2.60237
     2.60748
     2.61258
     2.61769
      2.6228
      2.6279
     2.63301
     2.63811
     2.64322
     2.64833
     2.65343
     2.65854
     2.66365
     2.66875
     2.67386
     2.67897
     2.68407
     2.68918
     2.69428
     2.69939
      2.7045
      2.7045
      2.7045
      2.7045
      2.7045
      2.7045
      2.7045
      2.7045
      2.7045
      2.7045
      2.7045
      2.7045
      2.7045
      2.7045
      2.7045
      2.7045
      2.7045
      2.7045
      2.7045
      2.7045
      2.7045
      2.7045
      2.7045
      2.7045
      2.7045
      2.7045
      2.7045
      2.7045
      2.7045
      2.7045
      2.7045
      2.7045
      2.7045
      2.7045
      2.7045
      2.7045
      2.7045
      2.7045
      2.7045
      2.7045
      2.7045
      2.7045
      2.7045
      2.7045
      2.7045
      2.7045
      2.7045
      2.7045
      2.7045
      2.7045
      2.7045
      2.7045
      2.7045
      2.7045
      2.7045
      2.7045
      2.7045
      2.7045
      2.7045
      2.7045
      2.7045
      2.7045
      2.7045
      2.7045
      2.7045
      2.7045
      2.7045
      2.7045
      2.7045
      2.7045
      2.7045
      2.7045
      2.7045
      2.7045
      2.7096
     2.71471
     2.71982
     2.72492
     2.73003
     2.73514
     2.74024
     2.74535
     2.75046
     2.75556
     2.76067
     2.76577
     2.77088
     2.77599
     2.78109
      2.7862
     2.79131
     2.79641
     2.80152
     2.80663
     2.81173
     2.81684
     2.82194
     2.82705
     2.83216
     2.83726
     2.84237
     2.84748
     2.85258
     2.85769
      2.8628
      2.8679
     2.87301
     2.87811
     2.88322
     2.88833
     2.89343
     2.89854
     2.90365
     2.90875
     2.91386
     2.91897
     2.92407
     2.92918
     2.93428
     2.93939
      2.9445
      2.9445
      2.9445
      2.9445
      2.9445
      2.9445
      2.9445
      2.9445
      2.9445
      2.9445
      2.9445
      2.9445
      2.9445
      2.9445
      2.9445
      2.9445
      2.9445
      2.9445
      2.9445
      2.9445
      2.9445
      2.9445
      2.9445
      2.9445
      2.9445
      2.9445
      2.9445
      2.9445
      2.9445
      2.9445
      2.9445
      2.9445
      2.9445
      2.9445
      2.9445
      2.9445
      2.9445
      2.9445
      2.9445
      2.9445
      2.9445
      2.9445
      2.9445
      2.9445
      2.9445
      2.9445
      2.9445
      2.9445
      2.9445
      2.9445
      2.9445
      2.9445
      2.9445
      2.9445
      2.9445
      2.9445
      2.9445
      2.9445
      2.9445
      2.9445
      2.9445
      2.9445
      2.9445
      2.9445
      2.9445
      2.9445
      2.9445
      2.9445
      2.9445
      2.9445
      2.9445
      2.9445
      2.9445
      2.9445
      2.9496
     2.95471
     2.95982
     2.96492
     2.97003
     2.97514
     2.98024
     2.98535
     2.99046
     2.99556
     3.00067
     3.00577
     3.01088
     3.01599
     3.02109
      3.0262
     3.03131
     3.03641
     3.04152
     3.04663
     3.05173
     3.05684
     3.06194
     3.06705
     3.07216
     3.07726
     3.08237
     3.08748
     3.09258
     3.09769
      3.1028
      3.1079
     3.11301
     3.11811
     3.12322
     3.12833
     3.13343
     3.13854
     3.14365
     3.14875
     3.15386
     3.15897
     3.16407
     3.16918
     3.17428
     3.17939
      3.1845
      3.1845
      3.1845
      3.1845
      3.1845
      3.1845
      3.1845
      3.1845
      3.1845
      3.1845
      3.1845
      3.1845
      3.1845
      3.1845
      3.1845
      3.1845
      3.1845
      3.1845
      3.1845
      3.1845
      3.1845
      3.1845
      3.1845
      3.1845
      3.1845
      3.1845
      3.1845
      3.1845
      3.1845
      3.1845
      3.1845
      3.1845
      3.1845
      3.1845
      3.1845
      3.1845
      3.1845
      3.1845
      3.1845
      3.1845
      3.1845
      3.1845
      3.1845
      3.1845
      3.1845
      3.1845
      3.1845
      3.1845
      3.1845
      3.1845
      3.1845
      3.1845
      3.1845
      3.1845
      3.1845
      3.1845
      3.1845
      3.1845
      3.1845
      3.1845
      3.1845
      3.1845
      3.1845
      3.1845
      3.1845
      3.1845
      3.1845
      3.1845
      3.1845
      3.1845
      3.1845
      3.1845
      3.1845
      3.1845
      3.1896
     3.19471
     3.19982
     3.20492
     3.21003
     3.21514
     3.22024
     3.22535
     3.23046
     3.23556
     3.24067
     3.24577
     3.25088
     3.25599
     3.26109
      3.2662
     3.27131
     3.27641
     3.28152
     3.28663
     3.29173
     3.29684
     3.30194
     3.30705
     3.31216
     3.31726
     3.32237
     3.32748
     3.33258
     3.33769
      3.3428
      3.3479
     3.35301
     3.35811
     3.36322
     3.36833
     3.37343
     3.37854
     3.38365
     3.38875
     3.39386
     3.39897
     3.40407
     3.40918
     3.41428
     3.41939
      3.4245
      3.4245
      3.4245
      3.4245
      3.4245
      3.4245
      3.4245
      3.4245
      3.4245
      3.4245
      3.4245
      3.4245
      3.4245
      3.4245
      3.4245
      3.4245
      3.4245
      3.4245
      3.4245
      3.4245
      3.4245
      3.4245
      3.4245
      3.4245
      3.4245
      3.4245
      3.4245
      3.4245
      3.4245
      3.4245
      3.4245
      3.4245
      3.4245
      3.4245
      3.4245
      3.4245
      3.4245
      3.4245
      3.4245
      3.4245
      3.4245
      3.4245
      3.4245
      3.4245
      3.4245
      3.4245
      3.4245
      3.4245
      3.4245
      3.4245
      3.4245
      3.4245
      3.4245
      3.4245
      3.4245
      3.4245
      3.4245
      3.4245
      3.4245
      3.4245
      3.4245
      3.4245
      3.4245
      3.4245
      3.4245
      3.4245
      3.4245
      3.4245
      3.4245
      3.4245
      3.4245
      3.4245
      3.4245
      3.4245
      3.4296
     3.43471
     3.43982
     3.44492
     3.45003
     3.45514
     3.46024
     3.46535
     3.47046
     3.47556
     3.48067
     3.48577
     3.49088
     3.49599
     3.50109
      3.5062
     3.51131
     3.51641
     3.52152
     3.52663
     3.53173
     3.53684
     3.54194
     3.54705
     3.55216
     3.55726
     3.56237
     3.56748
     3.57258
     3.57769
      3.5828
      3.5879
     3.59301
     3.59811
     3.60322
     3.60833
     3.61343
     3.61854
     3.62365
     3.62875
     3.63386
     3.63897
     3.64407
     3.64918
     3.65428
     3.65939
      3.6645
      3.6645
      3.6645
      3.6645
      3.6645
      3.6645
      3.6645
      3.6645
      3.6645
      3.6645
      3.6645
      3.6645
      3.6645
      3.6645
      3.6645
      3.6645
      3.6645
      3.6645
      3.6645
      3.6645
      3.6645
      3.6645
      3.6645
      3.6645
      3.6645
      3.6645
      3.6645
      3.6645
      3.6645
      3.6645
      3.6645
      3.6645
      3.6645
      3.6645
      3.6645
      3.6645
      3.6645
      3.6645
      3.6645
      3.6645
      3.6645
      3.6645
      3.6645
      3.6645
      3.6645
      3.6645
      3.6645
      3.6645
      3.6645
      3.6645
      3.6645
      3.6645
      3.6645
      3.6645
      3.6645
      3.6645
      3.6645
      3.6645
      3.6645
      3.6645
      3.6645
      3.6645
      3.6645
      3.6645
      3.6645
      3.6645
      3.6645
      3.6645
      3.6645
      3.6645
      3.6645
      3.6645
      3.6645
      3.6645
      3.6696
     3.67471
     3.67982
     3.68492
     3.69003
     3.69514
     3.70024
     3.70535
     3.71046
     3.71556
     3.72067
     3.72577
     3.73088
     3.73599
     3.74109
      3.7462
     3.75131
     3.75641
     3.76152
     3.76663
     3.77173
     3.77684
     3.78194
     3.78705
     3.79216
     3.79726
     3.80237
     3.80748
     3.81258
     3.81769
      3.8228
      3.8279
     3.83301
     3.83811
     3.84322
     3.84833
     3.85343
     3.85854
     3.86365
     3.86875
     3.87386
     3.87897
     3.88407
     3.88918
     3.89428
     3.89939
      3.9045
      3.9045
      3.9045
      3.9045
      3.9045
      3.9045
      3.9045
      3.9045
      3.9045
      3.9045
      3.9045
      3.9045
      3.9045
      3.9045
      3.9045
      3.9045
      3.9045
      3.9045
      3.9045
      3.9045
      3.9045
      3.9045
      3.9045
      3.9045
      3.9045
      3.9045
      3.9045
      3.9045
      3.9045
      3.9045
      3.9045
      3.9045
      3.9045
      3.9045
      3.9045
      3.9045
      3.9045
      3.9045
      3.9045
      3.9045
      3.9045
      3.9045
      3.9045
      3.9045
      3.9045
      3.9045
      3.9045
      3.9045
      3.9045
      3.9045
      3.9045
      3.9045
      3.9045
      3.9045
      3.9045
      3.9045
      3.9045
      3.9045
      3.9045
      3.9045
      3.9045
      3.9045
      3.9045
      3.9045
      3.9045
      3.9045
      3.9045
      3.9045
      3.9045
      3.9045
      3.9045
      3.9045
      3.9045
      3.9045
      3.9096
     3.91471
     3.91982
     3.92492
     3.93003
     3.93514
     3.94024
     3.94535
     3.95046
     3.95556
     3.96067
     3.96577
     3.97088
     3.97599
     3.98109
      3.9862
     3.99131
     3.99641
     4.00152
     4.00663
     4.01173
     4.01684
     4.02194
     4.02705
     4.03216
     4.03726
     4.04237
     4.04748
     4.05258
     4.05769
      4.0628
      4.0679
     4.07301
     4.07811
     4.08322
     4.08833
     4.09343
     4.09854
     4.10365
     4.10875
     4.11386
     4.11897
     4.12407
     4.12918
     4.13428
     4.13939
      4.1445
      4.1445
      4.1445
      4.1445
      4.1445
      4.1445
      4.1445
      4.1445
      4.1445
      4.1445
      4.1445
      4.1445
      4.1445
      4.1445
      4.1445
      4.1445
      4.1445
      4.1445
      4.1445
      4.1445
      4.1445
      4.1445
      4.1445
      4.1445
      4.1445
      4.1445
      4.1445
      4.1445
      4.1445
      4.1445
      4.1445
      4.1445
      4.1445
      4.1445
      4.1445
      4.1445
      4.1445
      4.1445
      4.1445
      4.1445
      4.1445
      4.1445
      4.1445
      4.1445
      4.1445
      4.1445
      4.1445
      4.1445
      4.1445
      4.1445
      4.1445
      4.1445
      4.1445
      4.1445
      4.1445
      4.1445
      4.1445
      4.1445
      4.1445
      4.1445
      4.1445
      4.1445
      4.1445
      4.1445
      4.1445
      4.1445
      4.1445
      4.1445
      4.1445
      4.1445
      4.1445
      4.1445
      4.1445
      4.1445
      4.1496
     4.15471
     4.15982
     4.16492
     4.17003
     4.17514
     4.18024
     4.18535
     4.19046
     4.19556
     4.20067
     4.20577
     4.21088
     4.21599
     4.22109
      4.2262
     4.23131
     4.23641
     4.24152
     4.24663
     4.25173
     4.25684
     4.26194
     4.26705
     4.27216
     4.27726
     4.28237
     4.28748
     4.29258
     4.29769
      4.3028
      4.3079
     4.31301
     4.31811
     4.32322
     4.32833
     4.33343
     4.33854
     4.34365
     4.34875
     4.35386
     4.35897
     4.36407
     4.36918
     4.37428
     4.37939
      4.3845
      4.3845
      4.3845
      4.3845
      4.3845
      4.3845
      4.3845
      4.3845
      4.3845
      4.3845
      4.3845
      4.3845
      4.3845
      4.3845
      4.3845
      4.3845
      4.3845
      4.3845
      4.3845
      4.3845
      4.3845
      4.3845
      4.3845
      4.3845
      4.3845
      4.3845
      4.3845
      4.3845
      4.3845
      4.3845
      4.3845
      4.3845
      4.3845
      4.3845
      4.3845
      4.3845
      4.3845
      4.3845
      4.3845
      4.3845
      4.3845
      4.3845
      4.3845
      4.3845
      4.3845
      4.3845
      4.3845
      4.3845
      4.3845
      4.3845
      4.3845
      4.3845
      4.3845
      4.3845
      4.3845
      4.3845
      4.3845
      4.3845
      4.3845
      4.3845
      4.3845
      4.3845
      4.3845
      4.3845
      4.3845
      4.3845
      4.3845
      4.3845
      4.3845
      4.3845
      4.3845
      4.3845
      4.3845
      4.3845
      4.3896
     4.39471
     4.39982
     4.40492
     4.41003
     4.41514
     4.42024
     4.42535
     4.43046
     4.43556
     4.44067
     4.44577
     4.45088
     4.45599
     4.46109
      4.4662
     4.47131
     4.47641
     4.48152
     4.48663
     4.49173
     4.49684
     4.50194
     4.50705
     4.51216
     4.51726
     4.52237
     4.52748
     4.53258
     4.53769
      4.5428
      4.5479
     4.55301
     4.55811
     4.56322
     4.56833
     4.57343
     4.57854
     4.58365
     4.58875
     4.59386
     4.59897
     4.60407
     4.60918
     4.61428
     4.61939
      4.6245
      4.6245
      4.6245
      4.6245
      4.6245
      4.6245
      4.6245
      4.6245
      4.6245
      4.6245
      4.6245
      4.6245
      4.6245
      4.6245
      4.6245
      4.6245
      4.6245
      4.6245
      4.6245
      4.6245
      4.6245
      4.6245
      4.6245
      4.6245
      4.6245
      4.6245
      4.6245
      4.6245
      4.6245
      4.6245
      4.6245
      4.6245
      4.6245
      4.6245
      4.6245
      4.6245
      4.6245
      4.6245
      4.6245
      4.6245
      4.6245
      4.6245
      4.6245
      4.6245
      4.6245
      4.6245
      4.6245
      4.6245
      4.6245
      4.6245
      4.6245
      4.6245
      4.6245
      4.6245
      4.6245
      4.6245
      4.6245
      4.6245
      4.6245
      4.6245
      4.6245
      4.6245
      4.6245
      4.6245
      4.6245
      4.6245
      4.6245
      4.6245
      4.6245
      4.6245
      4.6245
      4.6245
      4.6245
      4.6245
      4.6296
     4.63471
     4.63982
     4.64492
     4.65003
     4.65514
     4.66024
     4.66535
     4.67046
     4.67556
     4.68067
     4.68577
     4.69088
     4.69599
     4.70109
      4.7062
     4.71131
     4.71641
     4.72152
     4.72663
     4.73173
     4.73684
     4.74194
     4.74705
     4.75216
     4.75726
     4.76237
     4.76748
     4.77258
     4.77769
      4.7828
      4.7879
     4.79301
     4.79811
     4.80322
     4.80833
     4.81343
     4.81854
     4.82365
     4.82875
     4.83386
     4.83897
     4.84407
     4.84918
     4.85428
     4.85939
      4.8645
      4.8645
      4.8645
      4.8645
      4.8645
      4.8645
      4.8645
      4.8645
      4.8645
      4.8645
      4.8645
      4.8645
      4.8645
      4.8645
      4.8645
      4.8645
      4.8645
      4.8645
      4.8645
      4.8645
      4.8645
      4.8645
      4.8645
      4.8645
      4.8645
      4.8645
      4.8645
      4.8645
      4.8645
      4.8645
      4.8645
      4.8645
      4.8645
      4.8645
      4.8645
      4.8645
      4.8645
      4.8645
      4.8645
      4.8645
      4.8645
      4.8645
      4.8645
      4.8645
      4.8645
      4.8645
      4.8645
      4.8645
      4.8645
      4.8645
      4.8645
      4.8645
      4.8645
      4.8645
      4.8645
      4.8645
      4.8645
      4.8645
      4.8645
      4.8645
      4.8645
      4.8645
      4.8645
      4.8645
      4.8645
      4.8645
      4.8645
      4.8645
      4.8645
      4.8645
      4.8645
      4.8645
      4.8645
      4.8645
      4.8696
     4.87471
     4.87982
     4.88492
     4.89003
     4.89514
     4.90024
     4.90535
     4.91046
     4.91556
     4.92067
     4.92577
     4.93088
     4.93599
     4.94109
      4.9462
     4.95131
     4.95641
     4.96152
     4.96663
     4.97173
     4.97684
     4.98194
     4.98705
     4.99216
     4.99726
     5.00237
     5.00748
     5.01258
     5.01769
      5.0228
      5.0279
     5.03301
     5.03811
     5.04322
     5.04833
     5.05343
     5.05854
     5.06365
     5.06875
     5.07386
     5.07897
     5.08407
     5.08918
     5.09428
     5.09939
      5.1045
      5.1045
      5.1045
      5.1045
      5.1045
      5.1045
      5.1045
      5.1045
      5.1045
      5.1045
      5.1045
      5.1045
      5.1045
      5.1045
      5.1045
      5.1045
      5.1045
      5.1045
      5.1045
      5.1045
      5.1045
      5.1045
      5.1045
      5.1045
      5.1045
      5.1045
      5.1045
      5.1045
      5.1045
      5.1045
      5.1045
      5.1045
      5.1045
      5.1045
      5.1045
      5.1045
      5.1045
      5.1045
      5.1045
      5.1045
      5.1045
      5.1045
      5.1045
      5.1045
      5.1045
      5.1045
      5.1045
      5.1045
      5.1045
      5.1045
      5.1045
      5.1045
      5.1045
      5.1045
      5.1045
      5.1045
      5.1045
      5.1045
      5.1045
      5.1045
      5.1045
      5.1045
      5.1045
      5.1045
      5.1045
      5.1045
      5.1045
      5.1045
      5.1045
      5.1045
      5.1045
      5.1045
      5.1045
      5.1045
      5.1096
     5.11471
     5.11982
     5.12492
     5.13003
     5.13514
     5.14024
     5.14535
     5.15046
     5.15556
     5.16067
     5.16577
     5.17088
     5.17599
     5.18109
      5.1862
     5.19131
     5.19641
     5.20152
     5.20663
     5.21173
     5.21684
     5.22194
     5.22705
     5.23216
     5.23726
     5.24237
     5.24748
     5.25258
     5.25769
      5.2628
      5.2679
     5.27301
     5.27811
     5.28322
     5.28833
     5.29343
     5.29854
     5.30365
     5.30875
     5.31386
     5.31897
     5.32407
     5.32918
     5.33428
     5.33939
      5.3445
      5.3445
      5.3445
      5.3445
      5.3445
      5.3445
      5.3445
      5.3445
      5.3445
      5.3445
      5.3445
      5.3445
      5.3445
      5.3445
      5.3445
      5.3445
      5.3445
      5.3445
      5.3445
      5.3445
      5.3445
      5.3445
      5.3445
      5.3445
      5.3445
      5.3445
      5.3445
      5.3445
      5.3445
      5.3445
      5.3445
      5.3445
      5.3445
      5.3445
      5.3445
      5.3445
      5.3445
      5.3445
      5.3445
      5.3445
      5.3445
      5.3445
      5.3445
      5.3445
      5.3445
      5.3445
      5.3445
      5.3445
      5.3445
      5.3445
      5.3445
      5.3445
      5.3445
      5.3445
      5.3445
      5.3445
      5.3445
      5.3445
      5.3445
      5.3445
      5.3445
      5.3445
      5.3445
      5.3445
      5.3445
      5.3445
      5.3445
      5.3445
      5.3445
      5.3445
      5.3445
      5.3445
      5.3445
      5.3445
      5.3496
     5.35471
     5.35982
     5.36492
     5.37003
     5.37514
     5.38024
     5.38535
     5.39046
     5.39556
     5.40067
     5.40577
     5.41088
     5.41599
     5.42109
      5.4262
     5.43131
     5.43641
     5.44152
     5.44663
     5.45173
     5.45684
     5.46194
     5.46705
     5.47216
     5.47726
     5.48237
     5.48748
     5.49258
     5.49769
      5.5028
      5.5079
     5.51301
     5.51811
     5.52322
     5.52833
     5.53343
     5.53854
     5.54365
     5.54875
     5.55386
     5.55897
     5.56407
     5.56918
     5.57428
     5.57939
      5.5845
      5.5845
      5.5845
      5.5845
      5.5845
      5.5845
      5.5845
      5.5845
      5.5845
      5.5845
      5.5845
      5.5845
      5.5845
      5.5845
      5.5845
      5.5845
      5.5845
      5.5845
      5.5845
      5.5845
      5.5845
      5.5845
      5.5845
      5.5845
      5.5845
      5.5845
      5.5845
      5.5845
      5.5845
      5.5845
      5.5845
      5.5845
      5.5845
      5.5845
      5.5845
      5.5845
      5.5845
      5.5845
      5.5845
      5.5845
      5.5845
      5.5845
      5.5845
      5.5845
      5.5845
      5.5845
      5.5845
      5.5845
      5.5845
      5.5845
      5.5845
      5.5845
      5.5845
      5.5845
      5.5845
      5.5845
      5.5845
      5.5845
      5.5845
      5.5845
      5.5845
      5.5845
      5.5845
      5.5845
      5.5845
      5.5845
      5.5845
      5.5845
      5.5845
      5.5845
      5.5845
      5.5845
      5.5845
      5.5845
      5.5896
     5.59471
     5.59982
     5.60492
     5.61003
     5.61514
     5.62024
     5.62535
     5.63046
     5.63556
     5.64067
     5.64577
     5.65088
     5.65599
     5.66109
      5.6662
     5.67131
     5.67641
     5.68152
     5.68663
     5.69173
     5.69684
     5.70194
     5.70705
     5.71216
     5.71726
     5.72237
     5.72748
     5.73258
