-0.0355023  -0.099997  0.0273009
-0.0353082  -0.100089  0.0260736
-0.0356657  -0.100206  0.0244612
-0.0357301  -0.100025   0.025864
-0.0357758 -0.0998654  0.0269312
 -0.035811 -0.0997242  0.0277456
-0.0358404 -0.0995986  0.0283693
-0.0358683 -0.0994806  0.0288482
 -0.034335 -0.0994372  0.0291216
-0.0331306  -0.099392  0.0293406
  -0.03219 -0.0993448   0.029509
-0.0314599 -0.0992959  0.0296379
-0.0308976 -0.0992458  0.0297358
-0.0304692 -0.0991946  0.0298091
-0.0301478 -0.0991425  0.0298614
-0.0299119 -0.0990898  0.0298946
-0.0297444 -0.0990364  0.0299102
-0.0296294  -0.098987  0.0299095
-0.0295633 -0.0989344  0.0298927
-0.0295462 -0.0988738  0.0298629
 -0.029576 -0.0988024  0.0298254
-0.0296234  -0.098733  0.0297795
-0.0296603 -0.0986781  0.0297249
-0.0296825 -0.0986383  0.0296616
-0.0297009 -0.0986063  0.0295897
-0.0297168 -0.0985804  0.0295092
-0.0297307 -0.0985592  0.0294199
-0.0297431 -0.0985419  0.0293214
-0.0297543 -0.0985277  0.0292135
-0.0297646 -0.0985159  0.0290959
-0.0297742 -0.0985061  0.0289685
-0.0297833 -0.0984978   0.028831
-0.0297919 -0.0984908  0.0286833
-0.0298002 -0.0984847   0.028525
-0.0298082 -0.0984795  0.0283561
 -0.029816 -0.0984748  0.0281762
-0.0298196 -0.0984728   0.027985
-0.0298234  -0.098471  0.0277829
-0.0298272 -0.0984693  0.0275697
-0.0298309 -0.0984678  0.0273454
-0.0298346 -0.0984663  0.0271096
-0.029838 -0.098465  0.026862
-0.0298412 -0.0984637  0.0266024
 -0.029844 -0.0984624  0.0263303
-0.0298463 -0.0984613  0.0260534
-0.0298483 -0.0984601   0.025753
-0.0298496 -0.0984591  0.0254373
-0.0298504 -0.0984583  0.0250995
-0.0298504 -0.0984574  0.0248422
-0.0298496 -0.0984579  0.0251547
-0.0298498 -0.0984584  0.0254556
 -0.029851 -0.0984588  0.0257454
-0.0298529 -0.0984591  0.0260241
-0.0298556 -0.0984593  0.0262922
 -0.029859 -0.0984594  0.0265497
-0.0298629 -0.0984594  0.0267971
-0.0298673 -0.0984593  0.0270344
-0.0298721 -0.0984591  0.0272619
-0.0298773 -0.0984589  0.0274799
-0.0298828 -0.0984585  0.0276885
-0.0298886 -0.0984581  0.0278878
-0.0298945 -0.0984576  0.0280782
-0.0299005  -0.098457  0.0282597
-0.0299066 -0.0984564  0.0284325
-0.0299127 -0.0984557  0.0285968
-0.0299189  -0.098455  0.0287527
-0.0299249 -0.0984543  0.0289004
-0.0299309 -0.0984535  0.0290399
-0.0299368 -0.0984527  0.0291715
-0.0299425 -0.0984518  0.0292953
-0.029948 -0.098451 0.0294113
-0.0299534 -0.0984501  0.0295197
-0.0299585 -0.0984493  0.0296205
-0.0299633 -0.0984484  0.0297139
-0.0299679 -0.0984475  0.0297999
-0.0299722 -0.0984467  0.0298787
-0.0299763 -0.0984459  0.0299502
-0.0299801  -0.098445  0.0300147
-0.0299835 -0.0984442  0.0300721
-0.0299866 -0.0984433  0.0301226
-0.0299893 -0.0984425  0.0301661
-0.0299916 -0.0984417  0.0302027
-0.0299936 -0.0984409  0.0302325
-0.0299952 -0.0984402  0.0302555
-0.0299965 -0.0984394  0.0302718
-0.0299974 -0.0984388  0.0302814
-0.0299979 -0.0984381  0.0302845
 -0.029998 -0.0984375  0.0302811
-0.0299977  -0.098437  0.0302716
-0.0299971 -0.0984364  0.0302561
-0.0299961 -0.0984358  0.0302344
-0.0299947 -0.0984353  0.0302067
 -0.029993 -0.0984347  0.0301729
-0.0299909 -0.0984342  0.0301329
-0.0299886 -0.0984337  0.0300869
-0.0299859 -0.0984333  0.0300346
-0.0299828 -0.0984328   0.029976
-0.0299795 -0.0984324   0.029911
-0.0299758  -0.098432  0.0298394
-0.0299718 -0.0984316  0.0297612
-0.0299676 -0.0984313  0.0296761
-0.029963 -0.098431 0.0295842
-0.0299581 -0.0984308  0.0294851
 -0.029953 -0.0984307  0.0293788
-0.0299476 -0.0984306  0.0292651
-0.0299419 -0.0984306  0.0291439
-0.0299361 -0.0984307   0.029015
  -0.02993 -0.0984308  0.0288782
-0.0299238  -0.098431  0.0287333
-0.0299174 -0.0984312  0.0285802
-0.0299109 -0.0984315  0.0284186
-0.0299043 -0.0984319  0.0282483
-0.0298976 -0.0984323  0.0280692
 -0.029891 -0.0984328  0.0278807
-0.0298844 -0.0984334  0.0276828
 -0.029878 -0.0984341  0.0274751
-0.0298717 -0.0984348  0.0272572
-0.0298656 -0.0984355  0.0270288
-0.0298599 -0.0984364  0.0267895
-0.0298546 -0.0984372  0.0265387
-0.0298497 -0.0984381  0.0262761
-0.0298421 -0.0984615  0.0250375
-0.0298447 -0.0984624  0.0250646
-0.0298509 -0.0984644  0.0250765
-0.0298602 -0.0984671  0.0250725
-0.0298721 -0.0984695   0.025045
-0.0298638  -0.098494  0.0253657
-0.0298536 -0.0985216  0.0256722
-0.0298419 -0.0985519  0.0259649
-0.0298287 -0.0985847  0.0262437
-0.0298144 -0.0986198  0.0265085
-0.0297991 -0.0986568  0.0267592
-0.0297828 -0.0986957  0.0269955
-0.0297658 -0.0987363  0.0272172
-0.0297481 -0.0987784  0.0274243
-0.0297299  -0.098822  0.0276166
-0.0297113 -0.0988669  0.0277939
-0.0296923 -0.0989131  0.0279562
-0.0296731 -0.0989605  0.0281034
-0.0296536 -0.0990091  0.0282354
-0.0296341 -0.0990587  0.0283521
-0.0296144 -0.0991095  0.0284535
-0.0295947 -0.0991613  0.0285397
 -0.029575 -0.0992143  0.0286105
-0.0295558 -0.0992674  0.0286663
-0.0295394 -0.0993213  0.0287071
-0.0295231 -0.0993763  0.0287327
-0.0295094  -0.099432  0.0287435
-0.0294959 -0.0994887  0.0287394
-0.0294825 -0.0995462  0.0287202
-0.0294693 -0.0996046   0.028686
-0.0294562 -0.0996638  0.0286367
-0.0294434 -0.0997238  0.0285721
-0.0294306 -0.0997846  0.0284921
-0.0294179 -0.0998462  0.0283967
-0.0294053 -0.0999086  0.0282858
-0.0293928 -0.0999717  0.0281591
-0.0293802  -0.100036  0.0280165
-0.0293676    -0.1001  0.0278578
-0.0293548  -0.100165   0.027683
-0.0293419  -0.100231  0.0274916
-0.0293286  -0.100298  0.0272836
-0.029315 -0.100365 0.0270587
-0.0293009  -0.100433  0.0268165
-0.0292861  -0.100501  0.0265568
-0.0292705   -0.10057  0.0262792
-0.029254  -0.10064 0.0259832
-0.0292359   -0.10071   0.025668
-0.0292294  -0.100796  0.0243753
-0.029257 -0.100748 0.0246109
-0.029288 -0.100701 0.0248328
-0.0293192  -0.100654  0.0250414
-0.0293504  -0.100608  0.0252369
-0.0293818  -0.100562  0.0254196
-0.0294099  -0.100516  0.0255899
-0.0294379  -0.100471  0.0257477
-0.0294658  -0.100426  0.0258935
-0.0294936  -0.100382  0.0260277
-0.0295212  -0.100337  0.0261504
-0.029546 -0.100298 0.0262617
-0.0295633  -0.100271  0.0263619
-0.0295602   -0.10025  0.0264548
-0.029558 -0.100232 0.0265396
-0.0295564  -0.100217  0.0266163
-0.0295553  -0.100205  0.0266852
-0.0295545  -0.100195  0.0267462
-0.029554 -0.100187 0.0267996
-0.0295537   -0.10018  0.0268454
-0.0295534  -0.100175  0.0268837
-0.0295532   -0.10017  0.0269145
-0.029553 -0.100168  0.026938
-0.0295529  -0.100166  0.0269542
-0.0295527  -0.100166  0.0269632
-0.0295524  -0.100166  0.0269654
-0.0295519  -0.100166   0.026961
-0.0295512  -0.100166  0.0269502
-0.0295502  -0.100168  0.0269329
-0.029549 -0.100169 0.0269092
-0.0295478   -0.10017   0.026879
-0.0295465  -0.100171  0.0268423
-0.0295451  -0.100171  0.0267991
-0.0295435  -0.100171  0.0267491
-0.0295418  -0.100172  0.0266924
-0.0295399  -0.100173  0.0266288
-0.0295376  -0.100176  0.0265581
-0.029535  -0.10018 0.0264802
-0.0295321  -0.100184  0.0263949
-0.0295287  -0.100189  0.0263019
-0.0295249  -0.100194   0.026201
-0.0295206    -0.1002  0.0260917
-0.0295159  -0.100205  0.0259734
-0.0295105  -0.100211  0.0258447
-0.0295028  -0.100219  0.0256997
-0.0295154  -0.100284   0.024586
-0.0295211  -0.100273  0.0247222
-0.0295267  -0.100263  0.0248394
-0.0295322  -0.100253  0.0249369
-0.0295377  -0.100246    0.02501
-0.0295416  -0.100249  0.0249925
-0.0295457  -0.100231  0.0251377
-0.0295498  -0.100212  0.0252658
-0.0295539  -0.100193  0.0253782
-0.0295581  -0.100174  0.0254763
-0.0295625  -0.100154  0.0255616
-0.0295967  -0.100157  0.0246787
-0.0296018  -0.100139  0.0247539
-0.029607 -0.100121 0.0248211
-0.0296124  -0.100102  0.0248824
-0.029618 -0.100083 0.0249396
-0.0296241  -0.100064  0.0249949
-0.0296303  -0.100045  0.0250501
-0.0296367  -0.100026  0.0251068
-0.029643 -0.100007 0.0251667
-0.0296494 -0.0999869  0.0252312
-0.0296641 -0.0999816  0.0252735
-0.0296635 -0.0999767  0.0253217
-0.0296648 -0.0999708  0.0253602
-0.0296644 -0.0999656   0.025407
-0.0296659 -0.0999593  0.0254417
-0.0296657  -0.099954  0.0254876
-0.0296671 -0.0999472  0.0255178
-0.0296672 -0.0999419  0.0255619
-0.0285713 -0.0999002  0.0258724
-0.0267592  -0.099799  0.0254194
-0.0241196 -0.0997863  0.0261397
-0.0209409 -0.0997718  0.0269789
-0.0173308 -0.0997562    0.02791
-0.0133756   -0.09974  0.0289064
-0.00914418  -0.0997237   0.0299468
-0.00469186  -0.0997074    0.031014
-6.28735e-05   -0.0996915    0.0320905
0.00470742 -0.0996759  0.0331667
0.00959072 -0.0996608  0.0342351
 0.0145644 -0.0996463  0.0352902
 0.0196103 -0.0996322  0.0363278
  0.024714 -0.0996186  0.0373443
 0.0298638 -0.0996055  0.0383361
 0.0350505 -0.0995929  0.0393007
 0.0402655 -0.0995798  0.0402358
0.0455027 -0.099566 0.0411398
   0.05076 -0.0995543  0.0420111
 0.0560319 -0.0995431  0.0428483
 0.0613153 -0.0995324  0.0436503
 0.0666077 -0.0995223  0.0444164
 0.0719072 -0.0995127   0.045146
 0.0772121 -0.0995038  0.0458387
 0.0825211 -0.0994955   0.046494
0.0878332 -0.099488 0.0471116
 0.0931475 -0.0994809  0.0476932
 0.0984635 -0.0994747   0.048235
   0.10378 -0.0994694  0.0487374
  0.109098 -0.0994649   0.049199
  0.114416 -0.0994618  0.0496171
  0.119758 -0.0994274  0.0490319
 0.125086 -0.099421 0.0495288
  0.130416 -0.0994131  0.0500061
  0.135747 -0.0994034  0.0504633
  0.141079 -0.0993919  0.0509003
  0.14641  -0.09938 0.0513095
 0.151742 -0.099368 0.0516882
 0.157075 -0.099356 0.0520366
 0.162407 -0.099344 0.0523545
  0.16774 -0.099332  0.052642
0.173073 -0.09932 0.052899
 0.178406 -0.099308 0.0531255
  0.183739 -0.0992961  0.0533214
  0.189072 -0.0992843  0.0534867
  0.194406 -0.0992726  0.0536213
 0.199739 -0.099261 0.0537251
  0.205073 -0.0992494  0.0537983
  0.210407 -0.0992381  0.0538407
  0.215741 -0.0992268  0.0538525
  0.221074 -0.0992156  0.0538336
  0.226408 -0.0992046  0.0537842
  0.231743 -0.0991937  0.0537042
  0.237077 -0.0991829  0.0535938
  0.242411 -0.0991722   0.053453
  0.247745 -0.0991616  0.0532819
   0.25308 -0.0991511  0.0530806
  0.258414 -0.0991406  0.0528493
  0.263749 -0.0991303  0.0525879
 0.269083  -0.09912 0.0522967
  0.274418 -0.0991097  0.0519757
  0.279752 -0.0990995   0.051625
  0.285087 -0.0990893  0.0512448
  0.290422 -0.0990791  0.0508352
  0.295756 -0.0990689  0.0503962
  0.301091 -0.0990587  0.0499281
  0.306426 -0.0990485  0.0494309
  0.311761 -0.0990383  0.0489048
 0.317096 -0.099028 0.0483499
  0.322431 -0.0990177  0.0477664
  0.327766 -0.0990074  0.0471543
  0.333101 -0.0989969  0.0465138
  0.338436 -0.0989865  0.0458451
  0.343771 -0.0989759  0.0451483
  0.349106 -0.0989653  0.0444235
  0.354441 -0.0989547   0.043671
  0.359776 -0.0989439  0.0428909
  0.365111 -0.0989331  0.0420833
  0.370446 -0.0989223  0.0412484
  0.375781 -0.0989114  0.0403864
  0.381116 -0.0989005  0.0394976
  0.386451 -0.0988896  0.0385817
  0.391786 -0.0988787  0.0376386
  0.39712 -0.098868 0.0366679
  0.402455 -0.0988575  0.0356693
   0.40779 -0.0988472  0.0346421
  0.413125 -0.0988372  0.0335862
  0.418459 -0.0988275  0.0325009
  0.423794 -0.0988182   0.031386
 0.429074  -0.09881 0.0302555
  0.433303 -0.0987971  0.0293901
  0.436691 -0.0987815   0.028735
  0.439408 -0.0987628  0.0282451
  0.441587 -0.0987422  0.0278844
  0.443337 -0.0987197  0.0276201
  0.444742 -0.0986964   0.027427
  0.445872 -0.0986727  0.0272859
   0.44678 -0.0986494  0.0271818
  0.447511 -0.0986288   0.027103
  0.448099 -0.0986092  0.0270394
  0.448573 -0.0985901  0.0269823
  0.448957 -0.0985715  0.0269244
  0.449268 -0.0985535  0.0268602
  0.449521 -0.0985359  0.0267847
  0.449727 -0.0985188  0.0266936
  0.449896 -0.0985013  0.0265817
  0.450053 -0.0985135  0.0255055
  0.450168 -0.0984973  0.0253536
  0.450167 -0.0984966   0.025445
  0.450169 -0.0984953  0.0255076
  0.45017 -0.098494 0.0255545
  0.450168 -0.0984947  0.0255849
  0.450167 -0.0984956  0.0256033
  0.450166 -0.0984968  0.0256172
  0.450181 -0.0985019  0.0255347
  0.450181 -0.0985021  0.0255761
  0.450182 -0.0985028  0.0256115
  0.450183 -0.0985033  0.0256411
  0.450184 -0.0985034  0.0256652
  0.450185 -0.0985032  0.0256826
  0.450179 -0.0985077  0.0256888
  0.450165 -0.0985201  0.0256804
  0.450049 -0.0985952  0.0246838
  0.450049 -0.0985958   0.024701
  0.450049 -0.0985963  0.0247171
  0.450049 -0.0985969  0.0247324
  0.450049 -0.0985974  0.0247471
  0.450049 -0.0985979  0.0247611
   0.45005 -0.0985984  0.0247745
   0.45005 -0.0985989  0.0247875
   0.45005 -0.0985993  0.0248001
   0.45005 -0.0985998  0.0248123
   0.45005 -0.0986002  0.0248242
   0.45005 -0.0986005  0.0248358
   0.45005 -0.0986009  0.0248472
   0.45005 -0.0986013  0.0248583
   0.45005 -0.0986016  0.0248693
   0.45005 -0.0986019    0.02488
   0.45005 -0.0986022  0.0248905
   0.45005 -0.0986025  0.0249009
  0.450051 -0.0986028  0.0249111
  0.450051 -0.0986031  0.0249211
  0.450051 -0.0986033  0.0249309
  0.450051 -0.0986036  0.0249405
  0.450051 -0.0986038    0.02495
  0.450051 -0.0986041  0.0249594
  0.450051 -0.0986043  0.0249686
  0.450051 -0.0986046  0.0249778
  0.450051 -0.0986048  0.0249868
  0.450051 -0.0986051  0.0249957
  0.450051 -0.0986053  0.0250045
  0.450051 -0.0986055  0.0250132
  0.450051 -0.0986057  0.0250217
  0.450051 -0.0986059  0.0250302
  0.450051 -0.0986061  0.0250385
  0.450051 -0.0986062  0.0250466
  0.450052 -0.0986064  0.0250546
  0.450052 -0.0986065  0.0250625
  0.450052 -0.0986066  0.0250701
  0.450052 -0.0986067  0.0250773
  0.450052 -0.0986068   0.025084
  0.450052 -0.0986069  0.0250902
  0.450053 -0.0986069  0.0250957
 0.450053 -0.098607 0.0251005
 0.450053 -0.098607 0.0251044
 0.450053 -0.098607 0.0251075
  0.450053 -0.0986069  0.0251095
  0.450053 -0.0986069  0.0251104
  0.450054 -0.0986069  0.0251102
  0.450054 -0.0986068  0.0251086
  0.450054 -0.0986067  0.0251057
  0.450054 -0.0986066  0.0251012
  0.450054 -0.0986066  0.0250951
  0.450054 -0.0986065  0.0250872
  0.450054 -0.0986064  0.0250773
  0.450054 -0.0986063  0.0250652
  0.450054 -0.0986062  0.0250506
  0.450054 -0.0986062  0.0250327
  0.450054 -0.0986062  0.0250103
  0.450054 -0.0986062  0.0249731
  0.450054 -0.0986062  0.0250231
  0.450054 -0.0986063  0.0250712
  0.450054 -0.0986063  0.0251174
  0.450054 -0.0986063  0.0251618
  0.450054 -0.0986063  0.0252045
  0.450054 -0.0986064  0.0252455
  0.450054 -0.0986064  0.0252848
  0.450054 -0.0986065  0.0253225
  0.450054 -0.0986066  0.0253587
  0.450053 -0.0986067  0.0253934
  0.450053 -0.0986069  0.0254267
  0.450053 -0.0986071  0.0254586
  0.450052 -0.0986074  0.0254892
  0.450052 -0.0986077  0.0255186
  0.450051 -0.0986078  0.0255477
  0.450012 -0.0986281  0.0245888
  0.450012 -0.0986289  0.0246247
  0.450011 -0.0986298  0.0246595
   0.45001 -0.0986306  0.0246932
  0.450009 -0.0986316   0.024726
  0.450008 -0.0986325  0.0247579
  0.450007 -0.0986335  0.0247889
  0.450006 -0.0986345  0.0248194
  0.450004 -0.0986355  0.0248494
  0.450003 -0.0986366  0.0248792
  0.450001 -0.0986379  0.0249091
  0.449999 -0.0986397  0.0249393
  0.449998 -0.0986419  0.0249702
  0.449996 -0.0986445   0.025002
  0.449995 -0.0986474  0.0250353
  0.449991 -0.0986458  0.0250766
  0.449985 -0.0986405  0.0251209
  0.449977 -0.0986319  0.0251655
  0.449968 -0.0986206  0.0252095
  0.448344 -0.0986872  0.0258262
  0.447037 -0.0988074  0.0261641
  0.445948 -0.0988431  0.0262633
  0.445064 -0.0988524  0.0262381
  0.444343 -0.0988544  0.0261118
  0.443754 -0.0988503  0.0258958
  0.443271 -0.0988327  0.0255347
 0.443266 -0.098837 0.0256005
 0.443261  -0.09884 0.0256453
  0.443257 -0.0988415  0.0256688
  0.443286 -0.0988029  0.0247014
  0.443284 -0.0988122  0.0247515
  0.443285 -0.0988498  0.0248147
  0.443298 -0.0988863  0.0248905
  0.443303 -0.0989394  0.0250081
  0.443316 -0.0989738  0.0251091
   0.44335 -0.0990373  0.0252934
  0.443399 -0.0990947  0.0254566
  0.443419 -0.0991268  0.0255805
  0.443465 -0.0992289  0.0258906
  0.443514 -0.0993274  0.0261508
  0.443566 -0.0994237  0.0263657
   0.44362 -0.0995179  0.0265366
  0.443677 -0.0996103  0.0266645
  0.443735 -0.0997004  0.0267481
  0.443789 -0.0997731  0.0267881
  0.444922 -0.0997966  0.0270781
  0.446867 -0.0997699  0.0275585
  0.449468 -0.0997103  0.0281864
  0.452594 -0.0996254  0.0289208
  0.456142 -0.0995214  0.0297273
  0.460027 -0.0994035   0.030578
  0.46418 -0.099275 0.0314495
   0.46856 -0.0990834  0.0313952
  0.47318 -0.099033 0.0324513
  0.477942 -0.0989826  0.0335155
  0.482817 -0.0989323  0.0345803
  0.487784 -0.0988822  0.0356399
 0.492823 -0.098832 0.0366907
   0.49792 -0.0987822  0.0377246
  0.503064 -0.0987329  0.0387405
  0.508245 -0.0986839  0.0397342
  0.513457 -0.0986355  0.0407005
  0.518692 -0.0985876  0.0416385
  0.523947 -0.0985402  0.0425475
  0.529217 -0.0984932   0.043427
  0.534499 -0.0984467  0.0442768
  0.539791 -0.0984005  0.0450965
  0.545092 -0.0983546  0.0458859
  0.550399 -0.0983091  0.0466449
  0.555711 -0.0982639  0.0473732
  0.561028 -0.0982191  0.0480708
  0.566348 -0.0981745  0.0487376
   0.57167 -0.0981303  0.0493735
  0.576995 -0.0980864  0.0499786
  0.582322 -0.0980428  0.0505527
  0.587651 -0.0979995   0.051096
   0.59298 -0.0979565  0.0516083
  0.598311 -0.0979139  0.0520893
  0.603642 -0.0978715   0.052539
  0.608974 -0.0978296   0.052957
 0.614307 -0.097788 0.0533432
   0.61964 -0.0977468  0.0536977
 0.624973 -0.097706 0.0540202
  0.630306 -0.0976656  0.0543108
   0.63564 -0.0976255   0.054571
  0.640973 -0.0975855  0.0548016
  0.646307 -0.0975457  0.0550026
 0.651641 -0.097506 0.0551741
  0.656976 -0.0974664  0.0553162
   0.66231 -0.0974269  0.0554289
  0.667644 -0.0973874  0.0555125
  0.672979 -0.0973481  0.0555668
  0.678313 -0.0973088   0.055592
  0.683648 -0.0972695  0.0555881
  0.688982 -0.0972302  0.0555552
 0.694317 -0.097191 0.0554934
  0.699651 -0.0971517  0.0554028
  0.704985 -0.0971125  0.0552832
   0.71032 -0.0970732   0.055135
  0.715654 -0.0970339  0.0549579
  0.720988 -0.0969946   0.054752
  0.726323 -0.0969552  0.0545175
  0.731657 -0.0969158  0.0542544
  0.736991 -0.0968764  0.0539627
  0.742325 -0.0968369  0.0536426
  0.747659 -0.0967973  0.0532941
  0.752993 -0.0967576  0.0529173
  0.758327 -0.0967179  0.0525121
   0.76366 -0.0966782  0.0520786
  0.768994 -0.0966383   0.051617
  0.774328 -0.0965984  0.0511271
  0.779661 -0.0965584  0.0506092
  0.784994 -0.0965184  0.0500632
  0.790328 -0.0964782  0.0494891
  0.795661 -0.0964381  0.0488878
  0.800994 -0.0963978  0.0482585
  0.806327 -0.0963575  0.0476016
   0.81166 -0.0963172   0.046917
  0.816993 -0.0962768   0.046205
  0.822326 -0.0962363  0.0454658
  0.827659 -0.0961957  0.0446996
  0.832992 -0.0961553  0.0439048
 0.838325 -0.096115 0.0430808
  0.843657 -0.0960748  0.0422283
   0.84899 -0.0960345  0.0413493
  0.854323 -0.0959941  0.0404437
  0.859655 -0.0959541   0.039508
  0.864988 -0.0959144  0.0385409
   0.87032 -0.0958749  0.0375434
  0.875652 -0.0958358  0.0365148
  0.880984 -0.0957969  0.0354551
  0.886312 -0.0957596  0.0343646
  0.891638 -0.0957236   0.033246
  0.896963 -0.0956883  0.0321062
  0.902204 -0.0955989  0.0299729
  0.906429 -0.0955651  0.0291007
  0.909811 -0.0955354   0.028444
  0.912517 -0.0955098   0.027955
  0.914683 -0.0954882  0.0275955
  0.916417 -0.0954704  0.0273354
  0.917804 -0.0954562  0.0271507
  0.918913 -0.0954452  0.0270228
  0.919799 -0.0954368  0.0269372
  0.920509 -0.0954297  0.0268824
  0.921077 -0.0954237  0.0268495
   0.92153 -0.0954201  0.0268318
  0.921893 -0.0954175  0.0268225
  0.922182 -0.0954154  0.0268156
  0.922414 -0.0954138   0.026806
    0.9226 -0.0954125  0.0267887
  0.922749 -0.0954114  0.0267593
  0.922867 -0.0954121  0.0267138
  0.922961 -0.0954129  0.0266483
  0.923038 -0.0954135  0.0265592
    0.9231 -0.0954138  0.0264429
  0.923151 -0.0954137  0.0262959
  0.923193 -0.0954131  0.0261157
  0.923229 -0.0954117  0.0259003
   0.92326 -0.0954093  0.0256481
  0.923256 -0.0954149  0.0258252
  0.923253 -0.0954194  0.0259807
  0.92325 -0.095423  0.026116
  0.923249 -0.0954254  0.0262318
  0.923247 -0.0954271   0.026329
  0.923246 -0.0954278  0.0264085
  0.923241 -0.0954422  0.0264662
  0.923231 -0.0954674  0.0265086
  0.923218 -0.0955008  0.0265415
  0.923203 -0.0955409  0.0265665
  0.923185 -0.0955863  0.0265845
 0.923165 -0.095636 0.0265955
  0.923143 -0.0956888  0.0265994
   0.92312 -0.0957441  0.0265955
  0.923096 -0.0958012  0.0265832
  0.923071 -0.0958597  0.0265619
 0.923045 -0.095919 0.0265308
 0.923019 -0.095979 0.0264892
  0.922992 -0.0960393  0.0264365
  0.922964 -0.0960998  0.0263719
  0.922937 -0.0961604  0.0262948
  0.922942 -0.0962316  0.0252363
  0.922968 -0.0962455  0.0252885
  0.922995 -0.0962599  0.0253393
  0.923023 -0.0962748  0.0253886
   0.92305 -0.0962902  0.0254366
  0.923078 -0.0963061  0.0254826
  0.923106 -0.0963225  0.0255263
  0.923134 -0.0963394  0.0255678
  0.923162 -0.0963568   0.025607
  0.923191 -0.0963747   0.025644
   0.92322 -0.0963931  0.0256787
  0.923249 -0.0964119  0.0257113
  0.923278 -0.0964312  0.0257417
  0.923307 -0.0964509  0.0257699
  0.923336 -0.0964711   0.025796
  0.923365 -0.0964917  0.0258199
  0.923394 -0.0965126  0.0258416
 0.923424 -0.096534 0.0258611
  0.923453 -0.0965557  0.0258783
  0.923482 -0.0965779   0.025893
  0.923511 -0.0966001  0.0259051
 0.923538 -0.096625 0.0259148
  0.923565 -0.0966502  0.0259219
  0.923592 -0.0966759  0.0259261
  0.923619 -0.0967018  0.0259273
  0.923645 -0.0967282  0.0259255
  0.923672 -0.0967548  0.0259204
  0.923699 -0.0967818  0.0259119
  0.923726 -0.0968091  0.0258998
  0.923752 -0.0968366   0.025884
  0.923779 -0.0968645  0.0258643
  0.923806 -0.0968927  0.0258406
  0.923832 -0.0969208  0.0258128
  0.923856 -0.0969504  0.0257807
  0.923881 -0.0969802  0.0257441
  0.923905 -0.0970097  0.0257028
  0.923928 -0.0970382  0.0256567
  0.923949 -0.0970651  0.0256055
  0.923969 -0.0970901  0.0255491
  0.923987 -0.0971131  0.0254872
  0.924003 -0.0971338  0.0254197
  0.924017 -0.0971522  0.0253464
 0.924029 -0.097168 0.0252671
  0.924039 -0.0971811  0.0251815
  0.924046 -0.0971911  0.0250893
  0.924051 -0.0971975  0.0249896
  0.924045 -0.0971908  0.0251052
  0.924039 -0.0971845  0.0252039
  0.924034 -0.0971787  0.0252864
  0.924029 -0.0971737  0.0253527
  0.924024 -0.0971692  0.0254028
  0.924019 -0.0971648  0.0254376
  0.924015 -0.0971608  0.0254581
  0.924011 -0.0971569  0.0254636
  0.924007 -0.0971533  0.0254531
  0.923973 -0.0971661   0.024458
  0.923973 -0.0971662  0.0244912
  0.923973 -0.0971664  0.0245091
  0.923973 -0.0971666  0.0245196
  0.923973 -0.0971668  0.0245306
  0.923973 -0.0971671  0.0245419
  0.923972 -0.0971675  0.0245537
  0.923972 -0.0971678  0.0245659
  0.923972 -0.0971683  0.0245787
  0.923971 -0.0971687   0.024592
  0.923971 -0.0971693   0.024606
   0.92397 -0.0971698  0.0246208
  0.923969 -0.0971705  0.0246363
  0.923968 -0.0971712  0.0246525
 0.923967 -0.097172 0.0246696
  0.923966 -0.0971728  0.0246875
  0.923964 -0.0971737  0.0247062
  0.923963 -0.0971746  0.0247263
  0.923961 -0.0971755  0.0247472
   0.92396 -0.0971765  0.0247686
  0.923958 -0.0971774  0.0247991
  0.923956 -0.0971782  0.0248305
 0.923954 -0.097179 0.0248598
  0.923952 -0.0971797   0.024888
   0.92395 -0.0971804  0.0249182
 0.923947 -0.097181   0.02495
  0.923945 -0.0971815  0.0249822
 0.923943 -0.097182 0.0250135
  0.923941 -0.0971824  0.0250417
  0.923938 -0.0971827  0.0250634
  0.923936 -0.0971828  0.0250726
  0.923934 -0.0971821  0.0250539
  0.923947 -0.0971599  0.0240563
  0.923944 -0.0971598  0.0241771
  0.923942 -0.0971594  0.0243077
   0.92394 -0.0971589  0.0244499
  0.923938 -0.0971584  0.0246055
  0.923937 -0.0971578  0.0247762
 0.923866 -0.097166 0.0252435
   0.92381 -0.0971728  0.0256269
  0.923766 -0.0971788  0.0259527
 0.923735 -0.097186 0.0262508
  0.923714 -0.0971947  0.0265215
  0.923701 -0.0972051  0.0267648
  0.923696 -0.0972173  0.0269798
  0.923696 -0.0972312  0.0271654
    0.9237 -0.0972467  0.0273195
  0.923708 -0.0972636  0.0274399
  0.923717 -0.0972814  0.0275232
  0.923729 -0.0972998  0.0275645
   0.92466 -0.0971897  0.0269841
  0.926606 -0.0971058  0.0276211
  0.929227 -0.0969924  0.0284243
  0.932388 -0.0968553  0.0293422
  0.935984 -0.0966999  0.0303389
  0.939927 -0.0965302  0.0313948
  0.944147 -0.0963497  0.0324902
 0.948589 -0.096161  0.033607
  0.953208 -0.0959664  0.0347314
  0.957968 -0.0957674  0.0358531
  0.962841 -0.0955654  0.0369644
  0.967805 -0.0953613  0.0380598
  0.972841 -0.0951557   0.039135
  0.977934 -0.0949491  0.0401873
 0.983074 -0.094742 0.0412143
  0.988252 -0.0945346  0.0422143
  0.993458 -0.0943272  0.0431858
 0.998689  -0.09412 0.0441278
  1.00394 -0.093913 0.0450395
    1.0092 -0.0937065  0.0459202
   1.01448 -0.0935004  0.0467693
   1.01977 -0.0932949  0.0475865
  1.02507  -0.09309 0.0483715
   1.03037 -0.0928859  0.0491239
   1.03568 -0.0926825  0.0498434
   1.04099 -0.0924799    0.05053
    1.0463 -0.0922782  0.0511833
   1.05162 -0.0920773  0.0518032
   1.05694 -0.0918774  0.0523897
   1.06226 -0.0916785  0.0529424
   1.06759 -0.0914806  0.0534613
   1.07291 -0.0912837  0.0539463
   1.07824 -0.0910879  0.0543971
   1.08357 -0.0908931  0.0548138
   1.08889 -0.0906995   0.055196
   1.09422 -0.0905071  0.0555437
   1.09955 -0.0903158  0.0558567
   1.10488 -0.0901256  0.0561348
   1.11021 -0.0899367   0.056378
  1.11554 -0.089749 0.0565861
   1.12087 -0.0895625  0.0567588
    1.1262 -0.0893772  0.0568961
   1.13153 -0.0891932  0.0569979
   1.13686 -0.0890104  0.0570638
   1.14219 -0.0888288  0.0570937
   1.14752 -0.0886483  0.0570876
   1.15285 -0.0884691   0.057045
   1.15818 -0.0882911   0.056966
   1.16351 -0.0881142  0.0568502
   1.16884 -0.0879384  0.0566975
   1.17417 -0.0877636  0.0565076
   1.17951 -0.0875899  0.0562803
   1.18484 -0.0874172  0.0560153
   1.19017 -0.0872455  0.0557123
    1.1955 -0.0870745  0.0553711
   1.20083 -0.0869044  0.0549911
   1.20616 -0.0867351   0.054572
   1.21149 -0.0865664  0.0541131
   1.21682 -0.0863983  0.0536133
   1.22216 -0.0862298  0.0530876
   1.22749 -0.0860584  0.0526319
    1.2328 -0.0858394  0.0511653
   1.23813 -0.0856622  0.0506809
   1.24347 -0.0854825  0.0501777
    1.2488 -0.0853004  0.0496557
   1.25413 -0.0851158  0.0491147
  1.25946 -0.084929 0.0485547
  1.26479  -0.08474 0.0479756
   1.27012 -0.0845489  0.0473773
   1.27545 -0.0843559  0.0467596
  1.28078 -0.084161 0.0461226
   1.28611 -0.0839643  0.0454662
   1.29144 -0.0837661  0.0447905
   1.29677 -0.0835663  0.0440956
    1.3021 -0.0833654  0.0433803
   1.30744 -0.0831641  0.0426389
   1.31277 -0.0829626  0.0418701
    1.3181 -0.0827611  0.0410741
   1.32343 -0.0825597  0.0402477
   1.32876 -0.0823584  0.0393924
   1.33409 -0.0821573  0.0385087
   1.33942 -0.0819561  0.0375984
  1.34475 -0.081755 0.0366612
   1.35008 -0.0815538  0.0356968
   1.35541 -0.0813529  0.0347048
   1.36074 -0.0811521  0.0336846
   1.36607 -0.0809516  0.0326357
    1.3714 -0.0807514  0.0315576
   1.37673 -0.0805515  0.0304498
     1.382 -0.0803547  0.0293263
  1.38623 -0.080191 0.0284675
   1.38961 -0.0800546  0.0278197
   1.39233 -0.0799392  0.0273383
    1.3945 -0.0798423  0.0269857
   1.39625 -0.0797633  0.0267292
   1.39764 -0.0796984  0.0265458
   1.39876 -0.0796433  0.0264163
   1.39966 -0.0795962  0.0263261
   1.40039 -0.0795554  0.0262635
   1.40097 -0.0795213  0.0262194
   1.40144 -0.0794925  0.0261855
   1.40181 -0.0794673  0.0261548
   1.40212 -0.0794447  0.0261217
   1.40236 -0.0794241  0.0260812
   1.40256 -0.0794052  0.0260287
   1.40273 -0.0793875  0.0259603
   1.40286 -0.0793706  0.0258722
   1.40297 -0.0793543  0.0257613
   1.40296 -0.0793648  0.0258346
   1.40296 -0.0793767  0.0258774
   1.40297 -0.0794001  0.0249339
   1.40297 -0.0793976  0.0249614
   1.40297 -0.0793966   0.024988
  1.40297 -0.079396 0.0250135
   1.40297 -0.0793954  0.0250378
   1.40297 -0.0793951  0.0250608
   1.40297 -0.0793947  0.0250822
   1.40297 -0.0793944   0.025102
   1.40297 -0.0793942  0.0251203
   1.40296 -0.0793939  0.0251372
   1.40296 -0.0793938  0.0251516
   1.40296 -0.0793937   0.025164
   1.40296 -0.0793936  0.0251744
   1.40296 -0.0793936   0.025183
   1.40296 -0.0793936  0.0251899
   1.40296 -0.0793936  0.0251952
   1.40296 -0.0793937  0.0251991
   1.40296 -0.0793937  0.0252015
   1.40296 -0.0793938  0.0252026
   1.40296 -0.0793938  0.0252024
   1.40296 -0.0793939  0.0252008
   1.40296 -0.0793942  0.0251979
   1.40296 -0.0793944  0.0251937
   1.40296 -0.0793946  0.0251882
   1.40296 -0.0793947  0.0251813
   1.40296 -0.0793948  0.0251729
   1.40296 -0.0793949  0.0251631
  1.40296 -0.079395 0.0251516
   1.40296 -0.0793952  0.0251385
   1.40296 -0.0793953  0.0251235
   1.40296 -0.0793954  0.0251066
   1.40296 -0.0793955  0.0250875
   1.40296 -0.0793956  0.0250661
   1.40296 -0.0793957  0.0250422
   1.40296 -0.0793957  0.0250153
   1.40296 -0.0793958  0.0249837
   1.40296 -0.0793959  0.0250116
  1.40296 -0.079396 0.0250356
  1.40296 -0.079396 0.0250558
   1.40296 -0.0793961  0.0250723
   1.40296 -0.0793962  0.0250852
   1.40296 -0.0793962  0.0250944
   1.40296 -0.0793962  0.0251001
   1.40296 -0.0793963  0.0251024
   1.40296 -0.0793963  0.0251019
   1.40296 -0.0793964  0.0250992
   1.40296 -0.0793964  0.0250942
   1.40296 -0.0793965  0.0250869
   1.40296 -0.0793965  0.0250774
   1.40296 -0.0793966  0.0250656
   1.40296 -0.0793966  0.0250515
   1.40296 -0.0793967  0.0250351
   1.40296 -0.0793967   0.025016
   1.40296 -0.0793967  0.0249934
   1.40296 -0.0793967  0.0250209
   1.40296 -0.0793967  0.0250411
   1.40296 -0.0793967  0.0250541
   1.40296 -0.0793967  0.0250596
   1.40296 -0.0793967  0.0250591
   1.40296 -0.0793967   0.025053
   1.40296 -0.0793966  0.0250406
   1.40296 -0.0793966  0.0250213
   1.40296 -0.0793966  0.0249928
   1.40296 -0.0793965  0.0250157
   1.40296 -0.0793965   0.025037
   1.40296 -0.0793965  0.0250567
   1.40296 -0.0793964  0.0250748
   1.40296 -0.0793964  0.0250915
   1.40296 -0.0793964  0.0251066
   1.40296 -0.0793963  0.0251203
   1.40296 -0.0793963  0.0251326
   1.40295 -0.0793907  0.0241652
   1.40295 -0.0793908  0.0241845
   1.40295 -0.0793909  0.0242023
  1.40295 -0.079391 0.0242187
   1.40295 -0.0793911  0.0242335
   1.40295 -0.0793911  0.0242469
   1.40295 -0.0793912  0.0242588
   1.40295 -0.0793912  0.0242705
   1.40295 -0.0793912  0.0242823
   1.40295 -0.0793913  0.0242942
   1.40295 -0.0793913  0.0243062
   1.40295 -0.0793914  0.0243183
   1.40295 -0.0793915  0.0243306
   1.40295 -0.0793916  0.0243431
   1.40295 -0.0793917  0.0243559
   1.40294 -0.0793919  0.0243689
  1.40294 -0.079392 0.0243822
   1.40294 -0.0793922  0.0243958
   1.40294 -0.0793924  0.0244099
   1.40294 -0.0793927  0.0244244
  1.40294 -0.079393 0.0244395
   1.40294 -0.0793934  0.0244551
   1.40294 -0.0793938  0.0244714
   1.40294 -0.0793942  0.0244883
   1.40294 -0.0793947  0.0245059
   1.40294 -0.0793952  0.0245241
   1.40294 -0.0793958   0.024543
   1.40294 -0.0793965  0.0245627
   1.40293 -0.0793971  0.0245829
   1.40293 -0.0793935   0.024609
   1.40292 -0.0793866   0.024635
   1.40292 -0.0793766  0.0246585
   1.40291 -0.0793665  0.0246823
    1.4029 -0.0793565  0.0247074
   1.40289 -0.0793449   0.024734
   1.40288 -0.0793315  0.0247622
   1.40287 -0.0793176  0.0247923
   1.40286 -0.0793017  0.0248243
   1.40285 -0.0792847  0.0248584
   1.40284 -0.0792667   0.024896
   1.40283 -0.0792479  0.0249386
   1.40281 -0.0792284  0.0249874
    1.4028 -0.0792084  0.0250439
   1.40279 -0.0791889  0.0251101
   1.40278 -0.0791701  0.0251878
  1.40277 -0.079151 0.0252784
   1.40276 -0.0791317  0.0253839
   1.40275 -0.0791124  0.0255062
  1.40274 -0.079093 0.0256474
   1.40278 -0.0790264  0.0248176
   1.40275 -0.0790316  0.0251005
   1.40272 -0.0790388  0.0253129
   1.4027 -0.079043 0.0254591
  1.40269 -0.079047 0.0255435
   1.40268 -0.0790506  0.0256131
  1.40267 -0.079054 0.0256716
   1.40266 -0.0790571  0.0257206
   1.40266 -0.0790599  0.0257613
   1.40265 -0.0790624  0.0257949
   1.40376 -0.0790179  0.0261199
   1.40571 -0.0789393   0.026663
   1.40834 -0.0788334  0.0273763
   1.4115 -0.078706 0.0282192
    1.4151 -0.0785616  0.0291576
  1.41905 -0.078404 0.0301637
   1.42327 -0.0782361  0.0312151
   1.42772 -0.0780604   0.032296
   1.43234 -0.0778785  0.0333927
    1.4371 -0.0776919  0.0344943
   1.44198 -0.0775018    0.03559
   1.44694 -0.0773091  0.0366707
   1.45198 -0.0771145  0.0377323
   1.45708 -0.0769185  0.0387716
   1.46222 -0.0767214  0.0397862
    1.4674 -0.0765237  0.0407745
   1.47262 -0.0763254  0.0417353
   1.47785 -0.0761269  0.0426675
    1.4831 -0.0759282  0.0435706
   1.48837 -0.0757294  0.0444434
   1.49365 -0.0755307  0.0452852
   1.49894 -0.0753322  0.0460953
  1.50424 -0.075134 0.0468731
   1.50955 -0.0749361  0.0476181
   1.51486 -0.0747386  0.0483301
   1.52017 -0.0745416  0.0490085
   1.52549 -0.0743451  0.0496532
   1.53081 -0.0741492   0.050264
  1.53613 -0.073954 0.0508405
   1.54145 -0.0737594  0.0513827
   1.54678 -0.0735656  0.0518904
    1.5521 -0.0733726  0.0523635
   1.55743 -0.0731803  0.0528019
   1.56276 -0.0729889  0.0532055
   1.56808 -0.0727984  0.0535743
   1.57341 -0.0726087  0.0539084
   1.57874 -0.0724199  0.0542076
  1.58406 -0.072232 0.0544721
  1.58939 -0.072045 0.0547017
   1.59472 -0.0718589  0.0548967
   1.60004 -0.0716737  0.0550569
   1.60537 -0.0714894  0.0551828
    1.6107 -0.0713059  0.0552748
   1.61602 -0.0711231   0.055333
   1.62135 -0.0709411  0.0553578
   1.62667 -0.0707598  0.0553494
     1.632 -0.0705791  0.0553081
   1.63732 -0.0703989  0.0552342
   1.64265 -0.0702193  0.0551279
   1.64797 -0.0700402  0.0549895
    1.6533 -0.0698614   0.054819
   1.65863 -0.0696792   0.054671
   1.66396 -0.0694941  0.0545125
    1.6693 -0.0693047  0.0543256
   1.67465 -0.0691096  0.0541027
     1.68 -0.068924 0.0539007
   1.68534 -0.0687354  0.0536714
   1.69067 -0.0685416  0.0534169
     1.696 -0.0683446  0.0531419
   1.70133 -0.0681457  0.0528478
   1.70666 -0.0679448  0.0525349
   1.71199 -0.0677421  0.0522034
   1.71732 -0.0675377  0.0518532
   1.72265 -0.0673316  0.0514842
   1.72798 -0.0671241  0.0510956
   1.73328 -0.0668648  0.0496994
   1.73861 -0.0666622  0.0492735
   1.74394 -0.0664616  0.0487971
   1.74927 -0.0662632  0.0482697
    1.7546 -0.0660667  0.0476912
   1.75993 -0.0658704  0.0470822
   1.76527 -0.0656741  0.0464446
    1.7706 -0.0654779  0.0457787
   1.77593 -0.0652816  0.0450846
   1.78126 -0.0650854  0.0443627
   1.78659 -0.0648891   0.043613
   1.79192 -0.0646928   0.042836
   1.79725 -0.0644966  0.0420319
   1.80258 -0.0643003   0.041201
  1.80791 -0.064104 0.0403435
   1.81324 -0.0639078  0.0394596
   1.81857 -0.0637117  0.0385495
    1.8239 -0.0635157  0.0376127
   1.82923 -0.0633199  0.0366491
   1.83456 -0.0631244  0.0356582
   1.83989 -0.0629292  0.0346394
   1.84522 -0.0627344  0.0335924
   1.85055 -0.0625401  0.0325167
   1.85588 -0.0623465  0.0314119
   1.86115 -0.0621559  0.0302918
   1.86537 -0.0619985  0.0294389
   1.86876 -0.0618666  0.0287979
   1.87147 -0.0617579  0.0283213
   1.87363 -0.0616724  0.0279696
   1.87536 -0.0616059  0.0277125
   1.87675 -0.0615535   0.027528
   1.87785 -0.0615109  0.0273974
   1.87874 -0.0614763   0.027306
   1.87945 -0.0614482  0.0272423
   1.88002 -0.0614265  0.0271972
   1.88047 -0.0614102  0.0271632
   1.88084 -0.0613974  0.0271329
   1.88113 -0.0613875     0.0271
   1.88136 -0.0613798  0.0270596
   1.88155 -0.0613738  0.0270068
    1.8817 -0.0613692   0.026937
   1.88182 -0.0613656  0.0268461
   1.88195 -0.0613636  0.0257839
   1.88203 -0.0613605  0.0256474
   1.88209 -0.0613574  0.0254783
   1.88209 -0.0613631  0.0256018
   1.88208 -0.0613675  0.0257008
   1.88208 -0.0613711  0.0257772
   1.88211 -0.0613732  0.0256504
   1.88211 -0.0613735  0.0257263
   1.88211 -0.0613725   0.025784
   1.88211 -0.0613703  0.0258266
   1.88211 -0.0613675  0.0258593
  1.88211 -0.061364 0.0258817
   1.88211 -0.0613598  0.0258934
   1.88211 -0.0613654   0.025891
    1.8821 -0.0613795   0.025878
   1.88208 -0.0614015  0.0258561
   1.88206 -0.0614304  0.0258265
   1.88203 -0.0614657  0.0257894
     1.882 -0.0615066  0.0257446
   1.88197 -0.0615525  0.0256913
   1.88195 -0.0616225  0.0246543
   1.88196 -0.0616107  0.0246771
   1.88196 -0.0616071  0.0246952
   1.88196 -0.0616073  0.0247102
   1.88196 -0.0616075  0.0247246
   1.88196 -0.0616076  0.0247387
   1.88196 -0.0616078  0.0247521
   1.88196 -0.0616079  0.0247648
   1.88196 -0.0616081  0.0247765
   1.88196 -0.0616082  0.0247875
   1.88196 -0.0616084  0.0247978
   1.88196 -0.0616085  0.0248078
   1.88196 -0.0616087  0.0248175
   1.88196 -0.0616088  0.0248269
  1.88196 -0.061609  0.024836
   1.88196 -0.0616091  0.0248448
   1.88196 -0.0616093  0.0248535
   1.88196 -0.0616094  0.0248619
   1.88196 -0.0616095  0.0248702
   1.88196 -0.0616097  0.0248782
   1.88196 -0.0616098  0.0248862
   1.88196 -0.0616099  0.0248939
   1.88196 -0.0616101  0.0249015
   1.88196 -0.0616102   0.024909
   1.88196 -0.0616103  0.0249164
   1.88196 -0.0616104  0.0249236
   1.88196 -0.0616105  0.0249307
   1.88196 -0.0616106  0.0249378
   1.88196 -0.0616107  0.0249447
   1.88196 -0.0616108  0.0249515
   1.88196 -0.0616109  0.0249582
  1.88196 -0.061611 0.0249649
  1.88196 -0.061611 0.0249714
   1.88196 -0.0616111  0.0249779
   1.88196 -0.0616112  0.0249843
   1.88196 -0.0616112  0.0249906
   1.88196 -0.0616113  0.0249968
   1.88196 -0.0616113   0.025003
   1.88196 -0.0616113  0.0250091
   1.88196 -0.0616114  0.0250152
   1.88196 -0.0616114  0.0250212
   1.88196 -0.0616115  0.0250272
   1.88196 -0.0616115  0.0250331
   1.88196 -0.0616115   0.025039
   1.88196 -0.0616116  0.0250449
   1.88196 -0.0616116  0.0250509
   1.88196 -0.0616116  0.0250568
   1.88196 -0.0616117  0.0250627
   1.88196 -0.0616117  0.0250686
   1.88196 -0.0616117  0.0250746
   1.88196 -0.0616118  0.0250806
   1.88196 -0.0616119  0.0250867
   1.88196 -0.0616119  0.0250928
  1.88196 -0.061612  0.025099
  1.88196 -0.061612 0.0251052
   1.88196 -0.0616121  0.0251116
   1.88196 -0.0616122   0.025118
   1.88196 -0.0616123  0.0251246
   1.88196 -0.0616124  0.0251312
   1.88196 -0.0616125   0.025138
   1.88196 -0.0616126  0.0251449
   1.88196 -0.0616127   0.025152
   1.88196 -0.0616128  0.0251588
  1.88197 -0.061613 0.0251657
   1.88197 -0.0616131   0.025173
   1.88197 -0.0616132  0.0251803
   1.88197 -0.0616134  0.0251878
   1.88197 -0.0616135  0.0251954
   1.88197 -0.0616137  0.0252029
   1.88197 -0.0616139  0.0252102
   1.88197 -0.0616141  0.0252172
   1.88197 -0.0616143  0.0252239
   1.88197 -0.0616145  0.0252299
   1.88197 -0.0616148  0.0252352
  1.88197 -0.061615 0.0252394
   1.88197 -0.0616154  0.0252422
   1.88197 -0.0616157  0.0252431
   1.88196 -0.0616161  0.0252418
   1.88196 -0.0616165  0.0252374
   1.88196 -0.0616177  0.0252291
   1.88196 -0.0616196  0.0252156
   1.88196 -0.0616223  0.0251953
   1.88196 -0.0616252  0.0251661
   1.88196 -0.0616211  0.0251342
   1.88196 -0.0616108  0.0250854
   1.88203 -0.0616022  0.0240269
   1.88203 -0.0616034  0.0240876
   1.88203 -0.0616042  0.0241487
  1.88202 -0.061603 0.0242103
   1.88202 -0.0615995  0.0242729
   1.88201 -0.0615943  0.0243368
   1.88201 -0.0615875  0.0244022
     1.882 -0.0615795  0.0244695
   1.88199 -0.0615705    0.02454
   1.88198 -0.0615607  0.0246154
   1.88198 -0.0615503  0.0246971
   1.88197 -0.0615389   0.024787
   1.88196 -0.0615272  0.0248867
   1.88182 -0.0615381  0.0251093
    1.8817 -0.0615481  0.0252693
   1.88161 -0.0615574  0.0253877
   1.88154 -0.0615661  0.0254628
   1.88148 -0.0615672  0.0254957
   1.88148 -0.0615701  0.0255225
   1.88148 -0.0615731  0.0255674
   1.88148 -0.0616022  0.0256112
   1.88149 -0.0616363  0.0256102
  1.88151 -0.061675 0.0255502
   1.88157 -0.0616467  0.0245197
   1.88156 -0.0616498  0.0245658
   1.88156 -0.0616541  0.0246152
   1.88155 -0.0616579  0.0246676
   1.88155 -0.0616613  0.0247227
   1.88266 -0.0616148  0.0250847
   1.88461 -0.0615318  0.0256709
   1.88724 -0.0614196  0.0264281
   1.8904 -0.061284 0.0273122
    1.894  -0.06113 0.0282878
   1.89795 -0.0609616  0.0293251
   1.90217 -0.0607819   0.030401
   1.90661 -0.0605936  0.0314977
   1.91123 -0.0603987  0.0326013
   1.91599 -0.0601988  0.0337014
   1.92087 -0.0599952  0.0347899
   1.92583 -0.0597889  0.0358609
   1.93087 -0.0595806  0.0369098
   1.93597 -0.0593711   0.037933
   1.94111 -0.0591607  0.0389279
  1.94628  -0.05895 0.0398925
   1.95149 -0.0587392   0.040825
   1.95672 -0.0585287  0.0417243
   1.96197 -0.0583185  0.0425893
  1.96724 -0.058109 0.0434192
   1.97252 -0.0579004  0.0442133
   1.97781 -0.0576926  0.0449709
   1.9831 -0.057486 0.0456915
   1.98841 -0.0572805  0.0463746
   1.99371 -0.0570763  0.0470198
   1.99903 -0.0568735  0.0476267
   2.00434 -0.0566724  0.0481949
   2.00966 -0.0564732  0.0487238
   2.01498 -0.0562749   0.049213
   2.02031 -0.0560779  0.0496786
   2.02563 -0.0558823  0.0501094
   2.03096 -0.0556865  0.0505416
   2.03628 -0.0554906  0.0509463
   2.04161 -0.0552944   0.051325
   2.04694 -0.0550979  0.0516776
   2.05227 -0.0549009  0.0520044
    2.0576 -0.0547035  0.0523051
   2.06292 -0.0545055    0.05258
   2.06825 -0.0543069  0.0528289
   2.07358 -0.0541077   0.053052
   2.07891 -0.0539077  0.0532491
  2.08424 -0.053707 0.0534204
   2.08957 -0.0535056  0.0535657
    2.0949 -0.0533033   0.053685
   2.10023 -0.0531002  0.0537781
   2.10556 -0.0528964  0.0538449
   2.11089 -0.0526917  0.0538853
   2.11623 -0.0524862  0.0538992
  2.12156  -0.05228 0.0538865
   2.12689 -0.0520729  0.0538469
   2.13222 -0.0518652  0.0537799
   2.13755 -0.0516567  0.0536851
   2.14288 -0.0514476  0.0535617
    2.1482 -0.0512377  0.0534062
  2.15353 -0.051027 0.0532329
   2.15886 -0.0508156  0.0530323
   2.16419 -0.0506036  0.0528044
   2.16953 -0.0503909  0.0525489
   2.17486 -0.0501772  0.0522639
   2.18017 -0.0499406  0.0509698
    2.1855 -0.0497262   0.050641
   2.19083 -0.0495112  0.0502846
   2.19616 -0.0492959  0.0498998
   2.20149 -0.0490803  0.0494862
   2.20682 -0.0488643  0.0490441
   2.21215 -0.0486481  0.0485734
   2.21748 -0.0484316  0.0480742
   2.22281 -0.0482149  0.0475467
   2.22814 -0.0479978  0.0469909
   2.23347 -0.0477804   0.046407
    2.2388 -0.0475627  0.0457949
   2.24413 -0.0473448  0.0451549
   2.24946 -0.0471266  0.0444871
   2.25479 -0.0469081  0.0437917
   2.26012 -0.0466894  0.0430688
   2.26545 -0.0464703  0.0423186
   2.27077 -0.0462511  0.0415414
    2.2761 -0.0460316  0.0407373
   2.28143 -0.0458119  0.0399066
  2.28676 -0.045592 0.0390495
   2.29209 -0.0453719  0.0381662
   2.29741 -0.0451518  0.0372567
   2.30274 -0.0449316  0.0363206
   2.30807 -0.0447113  0.0353577
   2.31339 -0.0444911  0.0343674
   2.31872 -0.0442711  0.0333493
   2.32405 -0.0440512  0.0323023
  2.32937 -0.043832 0.0312253
    2.3347 -0.0436141  0.0301173
   2.33997 -0.0434003  0.0289916
   2.34418 -0.0432273  0.0281259
   2.34756 -0.0430856  0.0274659
   2.35026 -0.0429692  0.0269665
   2.35242 -0.0428764  0.0265893
   2.35414 -0.0428056   0.026302
  2.35552 -0.042752 0.0260809
   2.35662 -0.0427106  0.0259074
   2.3575 -0.042679 0.0257671
  2.35751 -0.042676 0.0258276
   2.35803 -0.0426973   0.025803
   2.35806 -0.0426994  0.0258339
   2.35809 -0.0426649  0.0258371
   2.35805 -0.0426337  0.0248978
   2.35805 -0.0426348  0.0249315
   2.35805 -0.0426337  0.0249606
   2.35805 -0.0426325  0.0249894
   2.35805 -0.0426316  0.0250179
   2.35805 -0.0426309   0.025046
   2.35804 -0.0426304  0.0250735
   2.35804 -0.0426302  0.0251003
   2.35804 -0.0426301  0.0251261
   2.35804 -0.0426302  0.0251508
   2.35804 -0.0426305  0.0251744
   2.35803 -0.0426307   0.025197
   2.35803 -0.0426309  0.0252186
   2.35803 -0.0426312  0.0252392
   2.35803 -0.0426316   0.025259
  2.35803 -0.042632 0.0252782
   2.35803 -0.0426326  0.0252966
   2.35802 -0.0426332   0.025314
  2.35802 -0.042636 0.0253298
   2.35802 -0.0426402  0.0253441
   2.35801 -0.0426456  0.0253568
   2.35801 -0.0426565   0.025368
     2.358 -0.0426652  0.0253781
   2.35799 -0.0426757  0.0253873
   2.35799 -0.0426883  0.0253957
   2.35798 -0.0427027  0.0254035
   2.35796 -0.0427179  0.0254107
   2.35795 -0.0427328  0.0254174
   2.35795 -0.0427463  0.0254235
   2.35794 -0.0427572  0.0254292
   2.35793 -0.0427648  0.0254346
   2.35793 -0.0427684  0.0254397
  2.35793 -0.042769 0.0254446
   2.35793 -0.0427696  0.0254492
   2.35793 -0.0427702  0.0254534
   2.35793 -0.0427707  0.0254569
   2.35793 -0.0427712  0.0254597
   2.35793 -0.0427716  0.0254622
  2.35793 -0.042772 0.0254644
   2.35793 -0.0427724  0.0254661
   2.35793 -0.0427728  0.0254673
   2.35793 -0.0427731  0.0254681
   2.35793 -0.0427734  0.0254684
   2.35793 -0.0427737  0.0254684
   2.35793 -0.0427739  0.0254681
   2.35793 -0.0427741  0.0254676
   2.35793 -0.0427743  0.0254667
   2.35794 -0.0427745  0.0254655
   2.35794 -0.0427747   0.025464
   2.35794 -0.0427748  0.0254621
   2.35794 -0.0427749  0.0254599
  2.35794 -0.042775 0.0254572
   2.35794 -0.0427751  0.0254541
   2.35794 -0.0427752  0.0254506
   2.35794 -0.0427752  0.0254465
   2.35794 -0.0427752  0.0254419
   2.35794 -0.0427752  0.0254367
   2.35794 -0.0427752  0.0254309
   2.35794 -0.0427752  0.0254244
   2.35794 -0.0427751  0.0254172
  2.35794 -0.042775 0.0254093
  2.35794 -0.042775 0.0254005
   2.35794 -0.0427748  0.0253908
   2.35794 -0.0427747  0.0253802
   2.35794 -0.0427746  0.0253687
   2.35794 -0.0427744  0.0253561
   2.35794 -0.0427743  0.0253425
   2.35794 -0.0427741  0.0253277
   2.35794 -0.0427739  0.0253118
   2.35794 -0.0427737  0.0252946
   2.35794 -0.0427735  0.0252761
   2.35794 -0.0427733  0.0252562
   2.35794 -0.0427731  0.0252349
   2.35794 -0.0427729   0.025212
   2.35794 -0.0427727  0.0251878
   2.35794 -0.0427725  0.0251618
   2.35794 -0.0427724  0.0251337
   2.35794 -0.0427723  0.0251034
   2.35794 -0.0427722  0.0250704
   2.35794 -0.0427721  0.0250341
   2.35794 -0.0427721  0.0249918
   2.35794 -0.0427721  0.0250259
   2.35794 -0.0427721  0.0250549
   2.35794 -0.0427722  0.0250788
   2.35795 -0.0427722  0.0250978
   2.35795 -0.0427723  0.0251117
   2.35795 -0.0427725  0.0251207
   2.35792 -0.0427994  0.0241435
   2.35792 -0.0427996  0.0241568
   2.35792 -0.0427998  0.0241702
  2.35792   -0.0428 0.0241837
   2.35792 -0.0428003  0.0241975
   2.35792 -0.0428006  0.0242115
   2.35792 -0.0428009  0.0242257
   2.35792 -0.0428013  0.0242403
   2.35792 -0.0428017  0.0242552
   2.35792 -0.0428021  0.0242704
   2.35792 -0.0428026  0.0242861
   2.35792 -0.0428031  0.0243023
   2.35792 -0.0428036   0.024319
   2.35792 -0.0428041  0.0243362
   2.35792 -0.0428047  0.0243541
   2.35792 -0.0428053  0.0243726
   2.35792 -0.0428059  0.0243917
   2.35792 -0.0428066  0.0244115
   2.35792 -0.0428073  0.0244319
  2.35792 -0.042808  0.024453
   2.35792 -0.0428087  0.0244746
   2.35791 -0.0428094  0.0245023
  2.35791  -0.04281 0.0245299
   2.35791 -0.0428105  0.0245544
   2.35791 -0.0428111   0.024579
   2.35791 -0.0428116  0.0246044
   2.35791 -0.0428121  0.0246307
   2.35791 -0.0428126  0.0246577
   2.35791 -0.0428131  0.0246856
   2.35791 -0.0428113  0.0247141
    2.3579 -0.0428074  0.0247437
    2.3579 -0.0428017  0.0247744
   2.35789 -0.0427946  0.0248078
   2.35789 -0.0427863  0.0248458
  2.35788 -0.042777 0.0248902
  2.35788 -0.042767 0.0249429
   2.35787 -0.0427563  0.0250058
   2.35787 -0.0427452  0.0250807
   2.35786 -0.0427337  0.0251694
   2.35785 -0.0427221  0.0252738
   2.35785 -0.0427104  0.0253956
   2.35784 -0.0426987  0.0255365
   2.35784 -0.0426871  0.0256982
   2.35789 -0.0426312  0.0248897
   2.35787 -0.0426247  0.0252125
  2.35784 -0.042609 0.0254733
   2.35782 -0.0425931  0.0256945
    2.3578 -0.0425769   0.025878
   2.35779 -0.0425605  0.0260255
   2.35778 -0.0425511   0.026138
   2.35778 -0.0425552  0.0262167
   2.35889 -0.0425122  0.0265547
   2.36084 -0.0424172   0.027099
  2.36346 -0.042279 0.0278016
   2.36661 -0.0421076  0.0286269
   2.37019 -0.0419104  0.0295413
   2.37411 -0.0416933  0.0305168
   2.37831 -0.0414609  0.0315312
   2.38273 -0.0412169  0.0325675
   2.38732 -0.0409642  0.0336128
   2.39205 -0.0407062  0.0346564
   2.39689 -0.0404491  0.0356895
   2.40183 -0.0401936  0.0367056
   2.40683 -0.0399365  0.0376985
   2.41189 -0.0396788  0.0386642
     2.417 -0.0394208  0.0395993
   2.42214 -0.0391632  0.0405017
   2.42731 -0.0389062  0.0413694
    2.4325 -0.0386502  0.0422014
   2.43771 -0.0383954  0.0429968
  2.44293 -0.038142  0.043755
   2.44816 -0.0378901  0.0444757
    2.4534 -0.0376398  0.0451589
   2.45865 -0.0373913  0.0458045
    2.4639 -0.0371446  0.0464128
   2.46915 -0.0368998  0.0469838
   2.4744 -0.036657 0.0475179
   2.47966 -0.0364163  0.0480155
   2.48491 -0.0361777   0.048477
  2.49017 -0.035941 0.0489028
   2.49543 -0.0357708  0.0494725
    2.5007 -0.0356034  0.0500186
   2.50598 -0.0354374  0.0505398
   2.51127 -0.0352708  0.0510333
  2.51656 -0.035103  0.051499
   2.52186 -0.0349372  0.0519384
   2.52716 -0.0347732  0.0523493
  2.53247 -0.034611 0.0527297
   2.53779 -0.0344504  0.0530772
   2.54311 -0.0342914   0.053389
   2.54842 -0.0340975  0.0537622
   2.55373 -0.0339053  0.0540843
   2.55904 -0.0337161  0.0543567
   2.56435 -0.0335284  0.0545813
   2.56966 -0.0333423  0.0547596
   2.57496 -0.0331603  0.0548932
   2.58026 -0.0329815  0.0549839
   2.58556 -0.0328041  0.0550364
   2.59086 -0.0326282  0.0550537
   2.59616 -0.0324538  0.0550369
   2.60145 -0.0322809   0.054987
   2.60674 -0.0321095  0.0549052
   2.61203 -0.0319397  0.0547924
   2.61731 -0.0317715  0.0546488
   2.62261 -0.0316449  0.0545599
   2.62792 -0.0315159  0.0544245
   2.63324 -0.0313855  0.0542411
   2.63856 -0.0312548  0.0540132
   2.64389 -0.0311237   0.053738
   2.64922 -0.0309923  0.0534095
  2.65455 -0.030846 0.0531233
   2.65987 -0.0307004  0.0527984
    2.6652 -0.0305561  0.0524364
  2.67052 -0.030413 0.0520397
   2.67584 -0.0302709  0.0516125
   2.68116 -0.0301291  0.0511559
   2.68647 -0.0299879  0.0506703
   2.69178 -0.0298475  0.0501571
   2.69707 -0.0296787   0.048644
   2.7024 -0.029541 0.0480904
   2.70773 -0.0294033  0.0475085
   2.71306 -0.0292657  0.0468983
    2.7184 -0.0291282  0.0462598
   2.72373 -0.0289907  0.0455933
   2.72906 -0.0288533   0.044899
  2.73439 -0.028716  0.044177
   2.73972 -0.0285788  0.0434276
   2.74505 -0.0284416   0.042651
   2.75038 -0.0283046  0.0418474
   2.75571 -0.0281677  0.0410171
  2.76104 -0.028031 0.0401603
   2.76637 -0.0278945  0.0392773
    2.7717 -0.0277583  0.0383679
   2.77703 -0.0276223  0.0374321
   2.78236 -0.0274867  0.0364694
   2.78769 -0.0273515  0.0354795
   2.79302 -0.0272168  0.0344618
   2.79835 -0.0270833  0.0334156
   2.80368 -0.0269515  0.0323399
     2.809 -0.0268216  0.0312337
   2.81427 -0.0266953  0.0301105
   2.81849 -0.0265917  0.0292505
   2.82187 -0.0265063  0.0285981
   2.82457 -0.0264355  0.0281076
   2.82674 -0.0263771  0.0277407
   2.82847 -0.0263323   0.027464
   2.82985 -0.0262974  0.0272529
   2.83096 -0.0262698  0.0270884
   2.83185 -0.0262482  0.0269553
   2.83255 -0.0262313  0.0268419
  2.83312 -0.026218 0.0267383
   2.83358 -0.0262077  0.0266356
   2.83394 -0.0261998  0.0265262
   2.83423 -0.0261939  0.0264038
   2.83447 -0.0261896  0.0262627
   2.83465 -0.0261871  0.0260982
   2.83481 -0.0261855  0.0259067
   2.83493 -0.0261842  0.0256844
   2.83492 -0.0261849  0.0258293
   2.83492 -0.0261858  0.0259497
   2.83492 -0.0261869  0.0260566
  2.83492 -0.026188 0.0261546
   2.83492 -0.0261893  0.0262417
   2.83491 -0.0261911  0.0263154
   2.83491 -0.0261935  0.0263716
   2.83496 -0.0262418  0.0254441
   2.83496 -0.0262431   0.025539
   2.83495 -0.0262441  0.0256262
   2.83495 -0.0262451  0.0257105
   2.83495 -0.0262461  0.0257923
   2.83495 -0.0262473   0.025872
   2.83494 -0.0262485  0.0259495
   2.83494 -0.0262497  0.0260248
   2.83494 -0.0262509  0.0260981
   2.83494 -0.0262522  0.0261695
   2.83494 -0.0262534  0.0262393
   2.83494 -0.0262546  0.0263075
   2.83494 -0.0262559  0.0263744
   2.83493 -0.0262571    0.02644
   2.83493 -0.0262584  0.0265046
   2.83493 -0.0262597  0.0265683
  2.83493 -0.026261 0.0266312
   2.83493 -0.0262623  0.0266933
   2.83493 -0.0262637  0.0267548
   2.83493 -0.0262651  0.0268158
   2.83493 -0.0262665  0.0268764
  2.83493 -0.026268 0.0269365
   2.83493 -0.0262695  0.0269964
   2.83493 -0.0262711   0.027056
   2.83493 -0.0262727  0.0271155
   2.83493 -0.0262743  0.0271748
   2.83493 -0.0262759   0.027234
   2.83493 -0.0262776  0.0272932
   2.83493 -0.0262794  0.0273525
   2.83493 -0.0262812  0.0274118
  2.83493 -0.026283 0.0274713
   2.83493 -0.0262849   0.027531
   2.83493 -0.0262869  0.0275909
   2.83493 -0.0262889  0.0276512
  2.83493 -0.026291 0.0277118
   2.83493 -0.0262931  0.0277728
   2.83493 -0.0262953  0.0278343
   2.83493 -0.0262975  0.0278963
   2.83493 -0.0262999  0.0279589
   2.83493 -0.0263023  0.0280222
   2.83493 -0.0263048  0.0280862
   2.83493 -0.0263074   0.028151
   2.83493 -0.0263101  0.0282167
   2.83493 -0.0263129  0.0282834
   2.83493 -0.0263158  0.0283511
   2.83493 -0.0263188  0.0284211
   2.83493 -0.0263221  0.0284935
   2.83493 -0.0263255  0.0285683
   2.83493 -0.0263291  0.0286457
  2.83493 -0.026333 0.0287258
  2.83493 -0.026337 0.0288086
   2.83493 -0.0263413  0.0288943
   2.83493 -0.0263459   0.028983
   2.83493 -0.0263507  0.0290747
   2.83493 -0.0263559  0.0291697
   2.83493 -0.0263613   0.029268
  2.83493 -0.026367 0.0293698
   2.83493 -0.0263731  0.0294752
   2.83493 -0.0263796  0.0295842
   2.83493 -0.0263865   0.029697
   2.83493 -0.0263938  0.0298138
   2.83493 -0.0264015  0.0299345
   2.83493 -0.0264096  0.0300594
   2.83493 -0.0264183  0.0301884
   2.83493 -0.0264274  0.0303216
   2.83493 -0.0264372  0.0304592
   2.83493 -0.0264474  0.0306013
   2.83493 -0.0264583  0.0307478
   2.83493 -0.0264698   0.030899
  2.83493 -0.026482 0.0310548
   2.83493 -0.0264949  0.0312153
   2.83493 -0.0265085  0.0313807
   2.83494 -0.0265228  0.0315509
  2.83494 -0.026538 0.0317259
   2.83494 -0.0265541   0.031906
  2.83494 -0.026571 0.0320911
   2.83494 -0.0265889  0.0322812
   2.83494 -0.0266077  0.0324765
   2.83494 -0.0266276  0.0326771
   2.83494 -0.0266486  0.0328831
   2.83494 -0.0266708  0.0330946
   2.83494 -0.0266941  0.0333117
   2.83494 -0.0267188  0.0335347
   2.83494 -0.0267448  0.0337638
   2.83495 -0.0267723  0.0339991
   2.83495 -0.0268013  0.0342408
   2.83495 -0.0268319  0.0344892
   2.83495 -0.0268643  0.0347444
   2.83495 -0.0268985  0.0350066
   2.83495 -0.0269345  0.0352758
   2.83495 -0.0269719   0.035552
   2.83495 -0.0270096  0.0358351
   2.83496 -0.0270472  0.0361252
   2.83496 -0.0270848  0.0364219
   2.83497 -0.0271226  0.0367252
   2.83498 -0.0271606  0.0370349
   2.83499 -0.0271943  0.0373579
   2.83501 -0.0272227  0.0376889
   2.83503 -0.0272457  0.0380244
   2.83505 -0.0272636  0.0383625
   2.83508 -0.0272769  0.0387023
  2.83512 -0.027286  0.039045
   2.83515 -0.0272902  0.0393929
   2.83519 -0.0272915  0.0397458
   2.83524 -0.0272908  0.0401034
   2.83528 -0.0272889  0.0404656
   2.83533 -0.0272864   0.040833
   2.83538 -0.0272949  0.0402115
   2.83544 -0.0272871  0.0406035
   2.83549 -0.0272796  0.0410031
   2.83555 -0.0272726  0.0414115
   2.83561 -0.0272665  0.0418296
   2.83567 -0.0272614  0.0422583
   2.83574 -0.0272576  0.0426986
    2.8358 -0.0272554  0.0431515
   2.83588 -0.0272549  0.0436177
   2.83595 -0.0272564  0.0440983
   2.83603 -0.0272601   0.044594
   2.83611 -0.0272652  0.0451057
   2.83619 -0.0272728  0.0456341
   2.83628 -0.0272833  0.0461799
   2.83638 -0.0272967  0.0467438
   2.83647 -0.0273079  0.0473267
   2.83658 -0.0273215  0.0479291
   2.83669 -0.0273388   0.048552
    2.8368 -0.0273597  0.0491963
   2.83694 -0.0273827   0.049947
   2.83711 -0.0274107  0.0507913
    2.8373 -0.0274471  0.0517231
   2.83751 -0.0274938  0.0527355
   2.83775 -0.0275516  0.0538225
   2.83801 -0.0276214  0.0549703
    2.8383 -0.0277034  0.0561694
  2.83861 -0.027798 0.0574081
   2.83913 -0.0279488  0.0576936
  2.83948 -0.028051 0.0590936
   2.83985 -0.0281649  0.0605358
   2.84025 -0.0282908  0.0620174
  2.84067 -0.028429 0.0635359
  2.84112  -0.02858 0.0650895
   2.84159 -0.0287444  0.0666766
    2.8421 -0.0289228  0.0682959
   2.84263 -0.0291159  0.0699464
   2.84319 -0.0293244  0.0716271
   2.84379 -0.0295492  0.0733374
   2.84442 -0.0297912  0.0750763
   2.84508 -0.0300513  0.0768434
   2.84578 -0.0303304  0.0786378
   2.84652 -0.0306297  0.0804586
  2.84729  -0.03095 0.0823048
   2.84811 -0.0312925   0.084175
   2.84899 -0.0316981   0.085046
   2.84988 -0.0320707  0.0870915
   2.85082 -0.0324693  0.0891603
   2.85181 -0.0328951  0.0912508
   2.85284 -0.0333493   0.093361
   2.85393 -0.0338333   0.095488
  2.85506 -0.034346 0.0975863
   2.85624 -0.0348903  0.0997051
   2.85747 -0.0354677   0.101843
   2.85876 -0.0361181      0.103
    2.8601 -0.0367468   0.105333
    2.8615 -0.0374139   0.107683
   2.86297 -0.0381209   0.110047
    2.8645 -0.0388695   0.112425
    2.8661 -0.0396611   0.114813
   2.86777 -0.0404975   0.117209
   2.86952 -0.0413803   0.119612
   2.87133 -0.0423111   0.122018
   2.87322 -0.0432914   0.124425
   2.87519 -0.0443222    0.12683
  2.87724 -0.045406  0.129228
   2.87939 -0.0465618   0.130697
   2.88158 -0.0477408    0.13311
   2.88386 -0.0489776   0.135506
   2.88623 -0.0502731    0.13788
   2.88869 -0.0516281   0.140227
   2.89125 -0.0530434   0.142543
   2.89389 -0.0545195   0.144821
   2.89671 -0.0560494   0.146237
   2.89952 -0.0576321   0.148474
   2.90244 -0.0592769   0.150656
   2.90546 -0.0609828   0.152776
   2.90858 -0.0627484   0.154827
   2.91199 -0.0645366   0.156082
   2.91529 -0.0663984   0.158036
    2.9187 -0.0683109   0.159897
   2.92222 -0.0702645   0.161652
   2.92634 -0.0721659   0.162465
   2.93012 -0.0739336   0.164064
   2.93174 -0.0773368   0.170045
   2.93404 -0.0805676   0.175519
   2.93631 -0.0838229   0.182139
    2.9423 -0.0868389    0.18382
   2.94979 -0.0933057   0.204798
  2.95629 -0.103743  0.234717
  2.96498 -0.113023  0.263551
  2.97534 -0.121433  0.293974
  2.99143 -0.129217  0.316342
  3.01248 -0.133582  0.330276
  3.04344 -0.149469  0.362145
  3.07844 -0.160705  0.389026
   3.1177 -0.166616  0.411373
  3.16133 -0.169953  0.442687
  3.27015 -0.192774  0.350425
 3.29414 -0.14388 0.327506
  3.34168 -0.092041  0.303795
   3.38716 -0.0386432   0.256339
  3.52811 0.0350486  0.276343
  3.68314 -0.507788  0.227808
  3.65809 -0.447299  0.187872
  3.60911 -0.491682  0.155466
  3.65498 -0.419045  0.245939
   3.6395 -0.260198   0.26624
  3.76256 -0.217452  0.499163
  4.05398  -1.43034 0.0900181
 4.11731 -1.16032 0.190845
 4.49486 -1.14028 0.232944
  6.39953  0.168089 -0.423858
-51.9678 -55.1774 -72.1664
-5494.28 -5503.78 -5025.13
-769537  570993  870032
 4.75177e+08 -1.03326e+09 -4.61123e+08
1.51048e+13 5.49431e+13 9.52352e+12
-7.47885e+19 -1.32521e+19  1.99591e+20
1.55771e+33 1.13184e+34 1.17386e+33
-8.58817e+60  4.03653e+60 -1.84934e+60
 5.2972e+113 5.11534e+113 3.45922e+113
nan nan nan
-nan -nan -nan
-nan -nan -nan
