-0.0355023 -0.099997 0.00456208
-0.0355023 0.1 3.73399e-16
0.0644977 -0.1 3.73399e-16
0.184498 0.1 3.73399e-16
0.304498 -0.1 3.73399e-16
0.424498 0.1 3.73399e-16
0.544498 -0.1 3.73399e-16
0.664498 0.1 3.73399e-16
0.784498 -0.1 3.73399e-16
0.904498 0.1 3.73399e-16
1.0245 -0.1 3.73399e-16
1.1445 0.1 3.73399e-16
1.2645 -0.1 3.73399e-16
1.3845 0.1 3.73399e-16
1.5045 -0.1 3.73399e-16
1.6245 0.1 3.73399e-16
1.7445 -0.1 3.73399e-16
1.8645 0.1 3.73399e-16
1.9845 -0.1 3.73399e-16
2.1045 0.1 3.73399e-16
2.2245 -0.1 3.73399e-16
2.3445 0.1 3.73399e-16
2.4645 -0.1 3.73399e-16
2.5845 0.1 3.73399e-16
2.7045 -0.1 3.73399e-16
2.8245 0.1 3.73399e-16
2.9445 -0.1 3.73399e-16
3.0645 0.1 3.73399e-16
3.1845 -0.1 3.73399e-16
3.3045 0.1 3.73399e-16
3.4245 -0.1 3.73399e-16
3.5445 0.1 3.73399e-16
3.6645 -0.1 3.73399e-16
3.7845 0.1 3.73399e-16
3.9045 -0.1 3.73399e-16
4.0245 0.1 3.73399e-16
4.1445 -0.1 3.73399e-16
4.2645 0.1 3.73399e-16
4.3845 -0.1 3.73399e-16
4.5045 0.1 3.73399e-16
4.6245 -0.1 3.73399e-16
4.7445 0.1 3.73399e-16
4.8645 -0.1 3.73399e-16
4.9845 0.1 3.73399e-16
5.1045 -0.1 3.73399e-16
5.2245 0.1 3.73399e-16
5.3445 -0.1 3.73399e-16
5.4645 0.1 3.73399e-16
5.5845 -0.1 3.73399e-16
5.7045 0.1 3.73399e-16
5.8245 -0.1 3.73399e-16
5.9445 0.1 3.73399e-16
6.0645 -0.1 3.73399e-16
6.1845 0.1 3.73399e-16
6.3045 -0.1 3.73399e-16
6.4245 0.1 3.73399e-16
6.5445 -0.1 3.73399e-16
6.6645 0.1 3.73399e-16
6.7845 -0.1 3.73399e-16
6.9045 0.1 3.73399e-16
7.0245 -0.1 3.73399e-16
7.1445 0.1 3.73399e-16
7.2645 -0.1 3.73399e-16
7.3845 0.1 3.73399e-16
7.5045 -0.1 3.73399e-16
7.6245 0.1 3.73399e-16
7.7445 -0.1 3.73399e-16
7.8645 0.1 3.73399e-16
7.9845 -0.1 3.73399e-16
8.1045 0.1 3.73399e-16
8.2245 -0.1 3.73399e-16
8.3445 0.1 3.73399e-16
8.4645 -0.1 3.73399e-16
8.5845 0.1 3.73399e-16
8.7045 -0.1 3.73399e-16
8.8245 0.1 3.73399e-16
8.9445 -0.1 3.73399e-16
9.0645 0.1 3.73399e-16
9.1845 -0.1 3.73399e-16
9.3045 0.1 3.73399e-16
9.4245 -0.1 3.73399e-16
9.5445 0.1 3.73399e-16
9.6645 -0.1 3.73399e-16
