   0.037538 -0.00497806     0.74289
-0.0186575  0.0125697   0.844154
-0.0202989  0.0132945   0.789651
-0.0172734  0.0309701   0.941501
-0.0108534  0.0327711   0.906227
-0.00703774   0.0349279    0.878602
-0.00520323   0.0374136    0.856932
-0.00476921   0.0400178    0.839918
0.0360519 0.0376029  0.823886
0.0281746  0.035873  0.814841
0.0210576 0.0324101  0.807525
0.0146384 0.0296873  0.801745
0.00873985  0.0275523   0.797176
0.00324717  0.0258866   0.793554
-0.00193963   0.0241962    0.790638
-0.00689953   0.0223945    0.788262
-0.011697 0.0204878  0.786304
-0.0163326  0.0183634   0.784674
-0.0210025   0.016308   0.783283
-0.0258091  0.0150898   0.782142
-0.0307598  0.0151942   0.781261
-0.0353651  0.0147335   0.780472
-0.0397629  0.0137593   0.779745
-0.0442264  0.0127503   0.779071
-0.0489333  0.0120189   0.778443
-0.0537826  0.0113332    0.77784
-0.0587743  0.0106679   0.777249
-0.0639003 0.00992997   0.776654
-0.0691722 0.00915273   0.776049
-0.0746003 0.00836263   0.775428
-0.0802416  0.0075357    0.77479
-0.0859983 0.00670224   0.774115
-0.0919252 0.00584089   0.773404
 -0.098027 0.00494806   0.772651
 -0.104308 0.00402054   0.771849
-0.110774 0.0030557  0.770994
 -0.117381 0.00193358   0.770075
-0.12422 0.001013 0.769107
   -0.13127 0.000132054    0.768074
   -0.138525 -0.000773585     0.766968
  -0.146048 -0.00172392    0.765789
  -0.153735 -0.00268329    0.764519
  -0.161645 -0.00367232    0.763158
  -0.169787 -0.00469735    0.761698
  -0.177789 -0.00715845     0.76079
  -0.186667 -0.00645581    0.758291
  -0.195674 -0.00728861    0.756357
  -0.205324 -0.00616284    0.753664
  -0.213851 -0.00858896    0.757352
 -0.210673 -0.0117881    0.79018
 -0.210792 -0.0116535   0.789712
 -0.210778 -0.0114793   0.789247
 -0.210691 -0.0112868   0.788793
 -0.210532 -0.0110762   0.788349
 -0.210299 -0.0108477   0.787917
 -0.209995 -0.0106016   0.787497
  -0.20962 -0.0103377   0.787089
 -0.209173 -0.0100561   0.786696
 -0.208655 -0.0097567   0.786317
  -0.208066 -0.00943929    0.785954
  -0.207472 -0.00912388    0.785616
  -0.206745 -0.00877053    0.785287
  -0.205947 -0.00839824    0.784977
  -0.205079 -0.00800668    0.784685
  -0.20414 -0.0075955   0.784412
 -0.203131 -0.0071643    0.78416
  -0.202052 -0.00671262    0.783927
  -0.200902 -0.00623999    0.783714
   -0.19968 -0.00574588    0.783521
  -0.198388 -0.00522976    0.783347
  -0.197088 -0.00471095    0.783199
  -0.195653 -0.00414977    0.783062
  -0.194146 -0.00356457    0.782941
  -0.192566 -0.00295474    0.782835
  -0.190911 -0.00231944    0.782743
  -0.189184 -0.00165892    0.782664
   -0.187381 -0.000967247     0.782595
   -0.185503 -0.000246336     0.782534
 -0.183552 0.00049863   0.782479
 -0.181523 0.00126921    0.78243
 -0.179477 0.00205049   0.782388
 -0.177289 0.00288146   0.782338
  -0.17502 0.00374457   0.782284
 -0.172667 0.00464079   0.782223
  -0.17023 0.00556914   0.782153
 -0.167744 0.00654314   0.782076
 -0.165172 0.00757103   0.781989
 -0.162515 0.00864068   0.781884
  -0.15991 0.00968873   0.781781
-0.157215 0.0107618  0.781661
-0.154492 0.0118582  0.781525
 -0.150926 0.00955077   0.781357
 -0.147214 0.00702135   0.781163
 -0.143385 0.00432223   0.780945
 -0.139417 0.00148302   0.780695
  -0.135312 -0.00146788    0.780413
  -0.131072 -0.00450683    0.780097
  -0.126695 -0.00761484    0.779746
 -0.122183 -0.0107766   0.779359
 -0.117532 -0.0139799   0.778934
 -0.112807 -0.0172297    0.77848
-0.107877 -0.020489   0.77798
 -0.102803 -0.0237657   0.777443
-0.0975798 -0.0270587   0.776866
-0.0922061 -0.0303567   0.776251
-0.0866776 -0.0336599   0.775597
-0.0809905  -0.036966   0.774904
-0.0751407  -0.040273    0.77417
 -0.069124 -0.0435793   0.773397
-0.0629356 -0.0468839   0.772582
-0.0566465 -0.0501946   0.771733
-0.0501035 -0.0534938   0.770834
-0.0433722 -0.0567979    0.76989
-0.0364435 -0.0601228   0.768896
-0.0293141 -0.0634503   0.767853
-0.0219794 -0.0667649   0.766756
-0.0144362 -0.0700415   0.765597
-0.00667134  -0.0733119    0.764376
0.00132304 -0.0765755   0.763088
0.00955583 -0.0798311   0.761723
0.0179743 -0.083232  0.760294
 0.0218505 -0.0855289    0.70239
 0.0254722 -0.0752057   0.773248
 0.0303299 -0.0715564   0.772019
0.0348803 -0.067749  0.770725
 0.0394013 -0.0638098   0.768932
 0.0372589 -0.0654479   0.789062
 0.0362846 -0.0665238   0.788796
 0.0350095 -0.0676357   0.788538
 0.0334731 -0.0687869   0.788278
 0.0316157 -0.0699785   0.788015
 0.0296363 -0.0712164   0.787733
 0.0274662 -0.0725014   0.787434
  0.025118 -0.0738355   0.787116
 0.0226012 -0.0752206   0.786778
 0.0199226 -0.0766585   0.786418
 0.0170867 -0.0781507   0.786035
 0.0140966 -0.0796988   0.785628
 0.0109542 -0.0813044   0.785196
0.00765998 -0.0829687   0.784736
0.00412348  -0.084691   0.784256
0.000521465  -0.0864772     0.78374
-0.00323422  -0.0883266    0.783192
-0.0071985 -0.0899654   0.782613
-0.0113231 -0.0916294   0.782008
-0.0156818 -0.0933888   0.781382
-0.0201393 -0.0951947   0.780709
-0.0248294 -0.0968116    0.78002
-0.0296305 -0.0984854   0.779293
-0.0346082  -0.100217    0.77853
-0.0398596  -0.102007   0.777739
-0.0452064  -0.103859   0.776905
-0.0507421  -0.105774   0.776033
-0.0564716  -0.107753   0.775125
-0.0623999  -0.109799    0.77418
-0.068532 -0.111914  0.773196
-0.0748732  -0.114101   0.772175
-0.0814291  -0.116361   0.771116
-0.0882052  -0.118698   0.770017
-0.0952073  -0.121114   0.768879
-0.102538 -0.123614  0.767706
-0.110014 -0.126199  0.766486
-0.117733 -0.128875  0.765221
-0.125703 -0.131647  0.763911
-0.133928 -0.134521  0.762551
-0.142416 -0.137505  0.761138
-0.151172 -0.140613  0.759663
-0.160196 -0.143866  0.758112
-0.164884 -0.146693  0.700295
-0.157694 -0.136665  0.786734
-0.157235 -0.135314  0.786413
-0.156536 -0.133876  0.786124
-0.155775 -0.132372  0.785852
-0.154953 -0.130803  0.785597
-0.153984 -0.129157  0.785371
-0.153034 -0.127464  0.785139
-0.151969 -0.125982  0.784945
-0.150843 -0.124444  0.784761
-0.149658 -0.122849  0.784577
 -0.14827 -0.121401  0.784391
-0.146717 -0.120199  0.784207
-0.144765 -0.120828  0.784317
-0.143262 -0.121524  0.784337
-0.141699 -0.122226  0.784354
-0.140076 -0.122933  0.784363
-0.138395 -0.123645  0.784362
-0.136656  -0.12436  0.784348
 -0.13486 -0.125081  0.784317
-0.133005 -0.125832  0.784265
-0.131091 -0.126614  0.784191
-0.129221  -0.12743  0.784097
-0.127193 -0.128277  0.783968
-0.125103 -0.129182  0.783808
-0.123099     -0.13  0.783638
-0.121053 -0.130755  0.783438
-0.118994 -0.131364  0.783197
-0.116936 -0.131701  0.782906
-0.114833  -0.13201  0.782565
-0.112674 -0.132328  0.782173
-0.110459 -0.132653  0.781726
-0.108289 -0.132992  0.781229
-0.105958 -0.133358  0.780663
 -0.10356 -0.133762  0.780032
-0.101118 -0.134086  0.779326
-0.0986379  -0.134304   0.778539
-0.0960541  -0.134721   0.777682
-0.0933783  -0.135273    0.77675
-0.0906332  -0.135841   0.775728
-0.0878342  -0.136334   0.774602
-0.0849979  -0.136655   0.773353
-0.0822328  -0.136737   0.771961
-0.0711123  -0.129626   0.770366
-0.0677574   -0.12749     0.7134
-0.0612993  -0.119264   0.780522
-0.0553334  -0.112859   0.780214
-0.0484477  -0.106208   0.779811
 -0.040578 -0.0992775   0.779207
-0.0314542 -0.0920177   0.778031
-0.0182042 -0.0838831   0.770003
-0.0137651 -0.0762587   0.785705
-0.00846319  -0.0690707     0.78561
-0.00272042  -0.0615521    0.785574
0.00341484  -0.053913   0.785614
0.00989766 -0.0459073   0.785713
 0.0167355 -0.0375246   0.785862
 0.0239376 -0.0287536   0.786051
 0.0315155 -0.0195832   0.786268
 0.0394811 -0.0100009   0.786499
  0.0477293 -0.00208522    0.730612
 0.0481491 0.00182395   0.786117
0.0574307 0.0110163  0.786605
0.0655864 0.0177816  0.781208
 0.073663 0.0243671  0.775364
0.0817195 0.0307081  0.769151
0.0896038  0.037174  0.762637
0.0972031 0.0439981  0.755868
 0.104788 0.0507357  0.748873
0.112325 0.057517  0.74168
 0.119868 0.0643036  0.734308
 0.127398 0.0711444  0.726774
 0.134779 0.0781045  0.719098
 0.137958 0.0811963  0.719231
 0.139348 0.0809361  0.717237
 0.139098 0.0797181  0.715857
 0.144382 0.0849643     0.658
 0.150871 0.0854125  0.722852
 0.155806 0.0879902  0.724687
0.160277  0.09049 0.726645
  0.16438 0.0928945  0.728712
 0.168189 0.0951864  0.730874
 0.171671 0.0973434  0.733124
 0.174848 0.0986407  0.733822
 0.177856 0.0997634   0.73446
0.179346 0.100437 0.734972
0.180764 0.101002 0.735452
0.182222 0.101495 0.735914
0.183721 0.101929 0.736366
0.185259 0.102317 0.736812
0.186878 0.102877 0.737258
0.188554 0.103428 0.737708
0.190185  0.10397 0.738169
0.192587 0.104636 0.738745
0.195084 0.105311 0.739343
0.197608 0.105986 0.739959
0.200135 0.106662 0.740593
0.202667 0.107344 0.741248
0.205199 0.108082 0.741927
0.207729 0.108922 0.742634
0.210259 0.109864 0.743367
0.212804 0.110851 0.744125
0.215312 0.111609 0.744902
0.218282 0.112482 0.743726
0.221308 0.113379 0.742424
0.224392 0.114304 0.741022
0.227535 0.115258  0.73954
 0.23074 0.116242 0.737992
 0.23401 0.117258 0.736392
0.237346 0.118307 0.734748
0.240749 0.119396 0.733066
0.244227  0.12052 0.731351
0.247686 0.121682 0.729611
0.248217 0.122167 0.729549
0.248596 0.122635 0.729592
 0.24884 0.123081 0.729717
0.248958 0.123507 0.729906
0.248955 0.123918 0.730143
0.248825 0.124338 0.730417
0.248578 0.124758 0.730716
0.248216 0.125177 0.731033
 0.24774 0.125596 0.731361
0.247053  0.12602 0.731698
0.246047 0.126347 0.731931
0.244897 0.126671 0.732153
0.243598 0.126994 0.732361
 0.24214 0.127315 0.732554
0.240511 0.127636 0.732728
0.238689 0.127954 0.732881
0.236635 0.128266 0.733003
0.234251 0.128557 0.733069
0.230776  0.12936  0.73284
0.237478 0.130891 0.734617
0.238633 0.131349  0.73402
0.238239 0.131893 0.734021
0.238186 0.132482 0.733957
0.238632 0.133124  0.73378
0.240385 0.133844 0.733191
0.236512 0.134002 0.734389
0.232521  0.13462 0.734234
0.228355 0.135273 0.734088
0.224537 0.135952 0.734003
0.220251 0.136838 0.733933
0.216747 0.140747 0.676417
0.218405 0.138064 0.732668
0.215882 0.138742 0.732731
0.213277 0.139451 0.732809
0.210594 0.140199 0.732904
0.207832 0.140989 0.733018
0.204993 0.141823 0.733153
0.202075 0.142704 0.733309
0.199077 0.143633 0.733489
0.195897 0.144612 0.733696
0.199845 0.139526 0.734046
0.204257 0.134025 0.734431
0.209068 0.128161 0.734842
 0.21422  0.12198 0.735272
0.219663 0.115523 0.735716
0.225354 0.108826  0.73617
0.231256  0.10192 0.736629
 0.237338 0.0948334   0.73709
 0.243574 0.0875878   0.73755
 0.249844 0.0802066   0.73801
 0.256137 0.0722048  0.738741
 0.257258 0.0642054  0.740756
 0.259488 0.0560369   0.74232
 0.26284 0.047881  0.74358
 0.268816 0.0395742  0.744599
  0.27576 0.0309599  0.745437
 0.283339 0.0219945  0.746134
 0.291339 0.0126434  0.746717
  0.299595 0.00288632   0.747204
   0.307887 -0.00729835    0.747609
  0.315602 -0.0179316   0.748209
  0.323529 -0.0290289   0.748733
  0.331853 -0.0406174   0.749158
    0.3406 -0.0526786    0.74947
  0.349484 -0.0652983   0.749671
   0.35877 -0.0784424   0.749739
  0.368475 -0.0921249   0.749653
 0.378608 -0.106362  0.749398
0.389178 -0.12117 0.748957
 0.400098 -0.136568  0.748319
 0.405842 -0.146948  0.745127
 0.411617 -0.157518  0.741524
 0.402999 -0.156574  0.760427
 0.398357 -0.157983  0.756414
0.393744 -0.15911 0.752516
  0.39127 -0.160225   0.74923
 0.38834 -0.16128 0.746146
 0.384985 -0.162313  0.743001
 0.381209 -0.163335  0.739796
0.376911 -0.16436  0.73653
 0.373495 -0.163303   0.73506
 0.374851 -0.162094  0.733534
0.374576 -0.16089 0.732219
 0.373043 -0.159608  0.730869
 0.374678 -0.164329  0.673183
 0.386333 -0.154598  0.735755
 0.392177 -0.152727  0.735139
 0.397655 -0.150637  0.734503
 0.402914 -0.148713  0.733853
 0.404663 -0.146432  0.733704
 0.405556 -0.143815   0.73379
  0.40638 -0.141105  0.733914
 0.407312 -0.139967   0.73432
  0.40835 -0.139059  0.734801
 0.409487 -0.138128  0.735316
 0.410637 -0.137078   0.73585
 0.411806 -0.135915  0.736401
 0.412997 -0.134642  0.736967
 0.414348 -0.133437  0.737562
 0.415787 -0.132313  0.738188
  0.41814 -0.130913  0.739032
 0.420603 -0.129417  0.739898
 0.423164 -0.127822  0.740779
 0.425809 -0.126126  0.741669
 0.428529 -0.124326  0.742564
 0.431316 -0.122418  0.743459
0.434161  -0.1204  0.74435
 0.437059 -0.118268  0.745235
0.440004 -0.11602 0.746109
 0.442895 -0.113653  0.746975
    0.446 -0.111436  0.746107
 0.449148 -0.109113   0.74509
 0.452339 -0.106678  0.743944
 0.455569 -0.104127  0.742686
 0.458837 -0.101455  0.741328
  0.462142 -0.0986573    0.73988
  0.465482 -0.0957294    0.73835
  0.468856 -0.0926665   0.736744
  0.472264 -0.0894639   0.735066
  0.475609 -0.0861178   0.733324
  0.476196 -0.0828729   0.732648
  0.476592 -0.0795483   0.731992
   0.47686 -0.0761382   0.731343
   0.47702 -0.0726351   0.730689
  0.477074 -0.0690308   0.730019
  0.477022 -0.0653176   0.729324
 0.476862 -0.061487  0.728594
  0.476394 -0.0575165   0.727816
  0.475781 -0.0534054   0.726978
  0.474963 -0.0491344   0.726057
  0.473764 -0.0435891   0.724816
  0.470169 -0.0427038   0.733701
 0.467263 -0.041641   0.73336
  0.465744 -0.0405574   0.733135
  0.464152 -0.0394546   0.732911
  0.460529 -0.0383319   0.732553
  0.459017 -0.0361078     0.6749
  0.458902 -0.0359752    0.73078
  0.457071 -0.0348071   0.730578
  0.455088 -0.0336198   0.730379
  0.452999 -0.0323804   0.730318
  0.450847 -0.0311234   0.730268
  0.448632 -0.0298491   0.730225
  0.446355 -0.0285574   0.730186
  0.444018 -0.0272484   0.730148
  0.441621 -0.0259219   0.730109
  0.439165 -0.0245779   0.730066
  0.436648 -0.0232163   0.730015
  0.434071 -0.0218369   0.729954
  0.431336 -0.0204337   0.729883
  0.428433 -0.0191253   0.730161
 0.425454 -0.017807  0.730448
  0.422399 -0.0164788   0.730736
  0.419269 -0.0151406   0.731018
  0.416063 -0.0137926   0.731289
 0.412781 -0.012435  0.731543
  0.409423 -0.0110683   0.731774
   0.405988 -0.00969284     0.73198
  0.402474 -0.0083094   0.732156
  0.398781 -0.0069117   0.732302
    0.40392 0.000705887    0.731117
  0.409655 0.00880672   0.729793
 0.415903 0.0173768  0.728336
 0.422593 0.0264072  0.726752
 0.429662 0.0358935  0.725042
 0.437057 0.0458347  0.723208
 0.311276 0.0349869  0.824757
  0.27004 0.0258009    0.8359
 0.260242 0.0265179  0.835159
 0.250169 0.0272897  0.834405
0.242652 0.028094 0.833358
0.260454 0.033161 0.808894
 0.274077 0.0377446  0.787686
 0.284859 0.0421553  0.769698
 0.292747 0.0457645  0.754462
 0.298453 0.0491672  0.741178
 0.302396 0.0524312  0.729514
 0.304913 0.0556161  0.719181
 0.306276 0.0587771  0.709888
 0.310327 0.0682076  0.650468
  0.32257 0.0640721  0.738806
 0.329704 0.0673689  0.739678
 0.336748 0.0708355  0.741022
0.343802 0.074489  0.74275
 0.350951 0.0783457   0.74479
 0.358267 0.0824205  0.747084
 0.365809 0.0867276  0.749583
 0.373632 0.0912807  0.752247
 0.381781 0.0960931  0.755044
  0.4117 0.118504 0.812585
0.422534 0.127742 0.810033
0.433501 0.137039  0.80676
0.444672 0.146443 0.803027
0.447359  0.15354 0.747768
0.467758 0.168067 0.793134
0.480153 0.178597 0.787864
0.492691 0.189139 0.782306
0.505456 0.199741 0.776455
0.518367  0.21036 0.770324
0.531032 0.221452 0.764248
0.544068 0.232626  0.75709
0.528611  0.23838 0.718051
0.519398 0.245306 0.685414
0.580255 0.240005 0.776918
0.588441 0.241903 0.776057
0.596324 0.243851 0.775035
0.604007 0.245848 0.773871
0.611576  0.24789 0.772578
0.619102  0.24998  0.77117
0.626538 0.252128  0.76966
0.634164 0.254393   0.7681
0.641895 0.256712 0.766444
 0.64976 0.259086  0.76469
0.657787 0.261517 0.762834
0.665997 0.264005  0.76087
 0.67441 0.266552 0.758789
0.683045 0.269159 0.756577
0.691918 0.271829 0.754215
0.701052 0.274565  0.75167
0.706804 0.281602 0.693655
0.698556 0.279443 0.782585
0.698475 0.282363 0.782269
 0.69829 0.285336 0.782005
0.698003 0.288365 0.781789
0.697614 0.291452 0.781615
0.697125 0.294599 0.781481
0.696535 0.297808 0.781383
0.695845 0.301082  0.78132
0.695054 0.304423  0.78129
0.694066 0.307852 0.781298
0.693295 0.311365 0.781048
0.692439 0.314954 0.780807
0.691499 0.318621  0.78057
0.690474 0.322367 0.780349
0.689363 0.326196 0.780146
0.688164  0.33011 0.779965
0.686876 0.334112 0.779806
0.685495 0.338204 0.779671
0.684022 0.342391 0.779559
0.682357 0.346696 0.779479
0.681438 0.351079 0.779298
0.680673 0.355496  0.77915
0.679867 0.360025 0.779021
0.679016 0.364666 0.778906
0.678117 0.369422 0.778807
 0.67717 0.374299 0.778724
0.676171 0.379298 0.778657
0.675121 0.384425 0.778604
0.674016 0.389682 0.778567
0.67276  0.3951 0.77855
0.671007 0.400444 0.778527
0.669157 0.405917 0.778513
0.667208 0.411524 0.778508
 0.66516 0.417269  0.77851
0.663012 0.423158 0.778516
0.660762 0.429195 0.778526
 0.65851 0.435338 0.778542
0.656157 0.441667 0.778564
0.653695  0.44816 0.778584
0.651024 0.454852  0.77861
 0.64904 0.461592 0.778727
0.646993 0.468505 0.778848
0.644878 0.475595 0.778973
0.642692 0.482869 0.779101
0.640429 0.490332 0.779232
0.638086 0.497992 0.779367
0.635659 0.505854 0.779506
0.633143 0.513924 0.779651
0.630536 0.522211 0.779804
0.627731 0.530757 0.779974
0.624143 0.540959 0.779899
 0.62039 0.551511 0.779819
0.616471 0.562418 0.779744
 0.61238 0.573687 0.779681
0.608113 0.585327 0.779639
0.602484 0.598083 0.722288
0.601086 0.609422 0.778989
0.597341 0.622157 0.779125
0.593437 0.635302 0.779311
0.589266 0.648916 0.779563
0.592836 0.656836 0.779592
0.596831 0.664739 0.779673
0.601228 0.672652   0.7798
0.606014 0.680597 0.779964
0.611178 0.688593 0.780159
0.616713 0.696654 0.780376
0.622615 0.704794 0.780606
0.628886 0.713024 0.780839
0.635528 0.721353 0.781069
0.642438 0.729844 0.781289
0.648926 0.739494 0.782135
0.652385  0.74964 0.784129
0.657012 0.759936 0.785715
0.662595 0.770413 0.786978
0.668983 0.781091 0.787981
0.676068 0.791983 0.788765
0.683773 0.803096 0.789361
0.692047 0.814435 0.789783
0.700854 0.826002 0.790041
0.710064 0.837868 0.790144
0.722222 0.847356 0.790048
0.735049 0.856878 0.789771
0.748539 0.866436 0.789288
0.762691 0.876028 0.788571
0.777507 0.885652 0.787591
0.792995 0.895302 0.786319
0.809162 0.904916 0.784714
0.825913 0.914607 0.782789
  0.8434 0.924303 0.780478
0.861534 0.934075 0.777748
0.871454 0.948878 0.774908
 0.87812 0.959361 0.717591
0.891674 0.979432 0.766612
0.901974 0.995225 0.762384
0.912459  1.01133 0.757677
 0.92315  1.02774 0.752484
0.934064  1.04445 0.746795
0.945218  1.06144   0.7406
0.956624  1.07871 0.733883
0.968191  1.09634 0.726631
0.979808  1.11502 0.718284
 0.96662  1.12715 0.688427
0.958661  1.14062  0.66352
0.953873  1.15519 0.641396
0.951674  1.17067 0.621484
0.951638    1.187 0.603249
0.953387  1.20408 0.586001
 0.95666  1.22187 0.569498
0.961227  1.24032 0.553355
0.965799    1.255   0.4895
0.973078  1.28023 0.527693
0.979752  1.30055 0.512846
0.987039  1.32138 0.497347
0.994898  1.34275 0.481391
 1.00326  1.36464 0.464848
1.01207 1.38702 0.44758
 1.01648  1.40335 0.381501
 1.03053  1.43413 0.413826
 1.04011  1.45819 0.395304
  1.0498   1.4829 0.375912
 1.05952  1.50742 0.356346
 1.06937  1.53239 0.335865
 1.07931  1.55778 0.314393
 1.08931  1.58359 0.291856
1.09933 1.60979 0.26818
1.10933 1.63635 0.24329
 1.11926  1.66327 0.217109
1.12403  1.6823 0.14756
1.13867 1.71815 0.16036
 1.14805  1.74604 0.129902
  1.15755   1.77305 0.0980611
  1.16674   1.80017 0.0645291
  1.17555   1.82738 0.0292099
    1.18391     1.85461 -0.00799293
   1.19172    1.88182 -0.0471767
  1.19663   1.90173 -0.121561
  1.20549   1.93619 -0.131323
   1.2111   1.96287 -0.176879
  1.21573   1.98926 -0.224828
  1.21918   2.01546 -0.275353
  1.22228   2.04223 -0.329156
  1.22699    2.0642 -0.409953
 1.22492  2.09489 -0.44351
  1.22355   2.11996 -0.505604
  1.22031   2.14428 -0.570736
  1.22371   2.16666 -0.656601
   1.2085   2.19142 -0.707394
  1.19835   2.21286 -0.782016
  1.20014   2.23524 -0.872313
  1.17113   2.25492 -0.935181
 1.17162  2.27749 -1.02833
 1.13439  2.30301 -1.07573
 1.12137  2.32564 -1.16088
  1.1197  2.34844 -1.25821
  1.05064   2.30077 -0.783242
  1.02449   2.29881 -0.845258
 0.998909   2.29756 -0.909622
 1.07468  2.06762 0.290678
 1.07844  2.07024 0.284833
 1.09202  2.08519 0.279395
  4.99465   4.18954 -0.588284
 2.64955  3.80363 0.420772
 2.61114  3.85353 0.411353
 2.60526  3.89732 0.410803
   2.605  3.93129 0.423015
 2.60145  3.95256 0.453277
 2.48636  3.85069 0.663763
2.53999 3.91859  0.6659
 2.69936  4.09828 0.565229
 35.1721  14.7218 -36.3995
 4.18469  10.5555 -3.14662
2.37638 5.93129 0.60231
 1.15888  1.44361 -1.40177
0.663461  8.14004 -6.53376
 0.107924 -0.845595   -3.8423
 2.22497  6.30322 -6.10217
0.553067  5.60909 -9.85761
 25.7223  56.3099 -6.35493
 43.1134 -31.9561  121.218
 1311.4 672.215 767.226
 61746.4 -61094.2 -52464.4
 2.82124e+07 -3.28943e+07   1.7999e+07
-3.68234e+10  6.44873e+10 -1.55701e+10
1.21393e+16  1.6821e+16 3.12133e+16
 1.58153e+24 -2.14864e+25 -4.34908e+24
-3.14641e+43 -5.44081e+42  1.69919e+43
 8.03482e+76 -8.09249e+76 -2.24156e+77
-3.46463e+144 -9.88238e+144  2.62524e+144
nan nan nan
