   0.0104345
  0.00949538
  0.00859162
  0.00772193
  0.00688508
  0.00607989
  0.00530522
  0.00455997
  0.00384308
  0.00315355
  0.00249039
  0.00185267
  0.00123948
  0.00064995
 8.32552e-05
-0.000461412
-0.000984823
 -0.00148772
 -0.00197081
 -0.00243479
  -0.0028803
 -0.00330798
 -0.00371844
 -0.00411226
    -0.00449
 -0.00485218
 -0.00519933
 -0.00553194
 -0.00585048
  -0.0061554
 -0.00644713
 -0.00672609
 -0.00699268
 -0.00724727
 -0.00749022
 -0.00772188
 -0.00794259
 -0.00815264
 -0.00835235
   -0.008542
 -0.00872185
 -0.00889216
 -0.00905319
 -0.00920514
 -0.00934826
 -0.00948273
 -0.00960875
  -0.0097265
 -0.00983616
 -0.00993788
  -0.0100318
  -0.0101181
  -0.0101968
  -0.0102681
  -0.0103321
  -0.0103889
  -0.0104385
  -0.0104811
  -0.0105167
  -0.0105453
   -0.010567
  -0.0105819
  -0.0105899
  -0.0105911
  -0.0105855
  -0.0105731
  -0.0105538
  -0.0105277
  -0.0104947
  -0.0104547
  -0.0104078
  -0.0103539
  -0.0102928
  -0.0102246
   -0.010149
  -0.0100661
 -0.00997575
 -0.00987775
 -0.00977201
  -0.0096584
 -0.00953675
 -0.00940691
  -0.0092687
 -0.00912193
 -0.00896642
 -0.00880193
 -0.00862827
 -0.00844518
 -0.00825243
 -0.00804974
 -0.00783686
 -0.00761349
 -0.00737955
 -0.00713565
  -0.0068824
 -0.00662036
 -0.00635011
  -0.0060722
 -0.00578718
 -0.00549559
 -0.00519793
 -0.00489475
 -0.00458653
 -0.00427379
 -0.00395701
 -0.00363669
 -0.00331331
 -0.00298735
 -0.00265927
 -0.00232957
 -0.00199869
 -0.00166712
 -0.00133531
 -0.00100372
-0.000672838
-0.000343112
 -1.5013e-05
  0.00031099
 0.000634425
 0.000954819
  0.00127169
  0.00158456
  0.00189317
  0.00219795
  0.00249932
  0.00279771
  0.00309353
  0.00338719
  0.00367911
  0.00396969
  0.00425933
  0.00454844
  0.00483742
  0.00512666
  0.00541658
  0.00570757
  0.00600004
  0.00629439
  0.00659103
  0.00689036
  0.00719281
  0.00749878
  0.00780871
  0.00812302
  0.00844214
  0.00876651
  0.00909658
   0.0094328
  0.00977563
   0.0101256
    0.010483
   0.0108486
   0.0112227
   0.0116059
   0.0119987
   0.0124016
   0.0128152
     0.01324
   0.0136767
   0.0141259
    0.014588
   0.0150639
   0.0155541
   0.0160593
   0.0165802
   0.0171175
   0.0176719
   0.0182443
   0.0188353
   0.0194458
   0.0200766
   0.0207286
   0.0214027
   0.0220998
   0.0228208
   0.0235668
   0.0243387
   0.0251375
   0.0259645
   0.0268207
   0.0277073
   0.0286255
   0.0295765
   0.0305617
   0.0315823
   0.0326399
   0.0337357
   0.0348714
   0.0360485
   0.0372685
   0.0385331
   0.0398441
   0.0412033
   0.0426124
   0.0440735
   0.0455884
   0.0471594
   0.0487884
   0.0504778
   0.0522298
   0.0540469
   0.0559315
   0.0578861
   0.0599135
   0.0620163
   0.0641976
   0.0664601
   0.0688071
   0.0712418
   0.0737673
   0.0763872
   0.0791051
   0.0819219
   0.0848303
   0.0878232
   0.0908936
   0.0940346
   0.0972394
    0.100501
    0.103814
     0.10717
    0.110564
    0.113989
    0.117438
    0.120906
    0.124386
    0.127872
    0.131357
    0.134835
    0.138301
    0.141747
    0.145167
    0.148555
    0.151906
    0.155211
    0.158465
    0.161661
    0.164793
    0.167853
    0.170836
    0.173734
    0.176539
    0.179249
    0.181866
    0.184394
    0.186838
    0.189199
    0.191482
     0.19369
    0.195826
    0.197892
    0.199893
     0.20183
    0.203707
    0.205526
    0.207289
       0.209
     0.21066
    0.212272
    0.213838
    0.215361
    0.216842
    0.218283
    0.219687
    0.221056
    0.222391
    0.223695
    0.224969
    0.226215
    0.227434
    0.228629
    0.229801
    0.230952
    0.232084
    0.233197
    0.234294
    0.235376
    0.236445
    0.237501
    0.238548
    0.239585
    0.240614
    0.241638
    0.242657
    0.243672
    0.244686
      0.2457
    0.246714
     0.24773
    0.248751
    0.249776
    0.250809
    0.251849
    0.252899
    0.253959
    0.255032
    0.256119
    0.257222
    0.258341
    0.259478
    0.260636
    0.261815
    0.263018
    0.264245
    0.265499
    0.266781
    0.268093
    0.269437
    0.270814
    0.272228
    0.273678
    0.275169
      0.2767
    0.278276
    0.279897
    0.281566
    0.283285
    0.285057
    0.286885
    0.288769
    0.290714
    0.292722
    0.294795
    0.296936
    0.299149
    0.301436
    0.303801
    0.306246
    0.308775
    0.311391
    0.314099
    0.316901
      0.3198
    0.322786
    0.325855
    0.328998
    0.332209
    0.335481
    0.338808
    0.342183
    0.345599
    0.349051
    0.352532
    0.356035
    0.359555
    0.363084
    0.366618
     0.37015
    0.373673
    0.377181
    0.380668
    0.384128
    0.387555
    0.390942
    0.394283
    0.397571
      0.4008
    0.403964
    0.407055
    0.410067
    0.412993
    0.415826
    0.418562
    0.421205
    0.423757
    0.426224
    0.428608
    0.430913
    0.433142
    0.435298
    0.437384
    0.439403
    0.441359
    0.443253
    0.445089
    0.446868
    0.448594
    0.450269
    0.451896
    0.453476
    0.455012
    0.456505
    0.457959
    0.459375
    0.460756
    0.462102
    0.463416
    0.464701
    0.465956
    0.467185
     0.46839
    0.469571
     0.47073
     0.47187
    0.472991
    0.474096
    0.475185
    0.476261
    0.477324
    0.478377
     0.47942
    0.480456
    0.481485
     0.48251
    0.483531
     0.48455
    0.485568
    0.486587
    0.487609
    0.488634
    0.489664
      0.4907
    0.491744
    0.492798
    0.493862
    0.494939
    0.496029
    0.497135
    0.498257
    0.499398
    0.500558
     0.50174
    0.502946
    0.504176
    0.505432
    0.506716
    0.508031
    0.509377
    0.510757
    0.512172
    0.513625
    0.515117
    0.516651
    0.518228
    0.519851
    0.521522
    0.523243
    0.525017
    0.526845
    0.528731
    0.530677
    0.532686
    0.534761
    0.536904
    0.539118
    0.541406
    0.543771
    0.546218
    0.548748
    0.551365
    0.554074
    0.556877
    0.559776
    0.562764
    0.565833
    0.568977
    0.572189
    0.575462
    0.578789
    0.582165
    0.585582
    0.589034
    0.592516
     0.59602
     0.59954
     0.60307
    0.606604
    0.610136
     0.61366
    0.617169
    0.620656
    0.624117
    0.627544
    0.630932
    0.634273
    0.637561
    0.640791
    0.643955
    0.647046
    0.650059
    0.652985
    0.655819
    0.658555
    0.661197
     0.66375
    0.666217
    0.668602
    0.670907
    0.673136
    0.675292
    0.677379
    0.679398
    0.681354
    0.683248
    0.685084
    0.686864
     0.68859
    0.690265
    0.691892
    0.693472
    0.695008
    0.696502
    0.697956
    0.699372
    0.700752
    0.702099
    0.703413
    0.704698
    0.705953
    0.707183
    0.708387
    0.709568
    0.710728
    0.711867
    0.712989
    0.714093
    0.715183
    0.716259
    0.717322
    0.718375
    0.719418
    0.720454
    0.721484
    0.722508
    0.723529
    0.724548
    0.725567
    0.726586
    0.727607
    0.728632
    0.729662
    0.730699
    0.731743
    0.732797
    0.733861
    0.734938
    0.736028
    0.737134
    0.738256
    0.739397
    0.740558
     0.74174
    0.742945
    0.744175
    0.745431
    0.746716
     0.74803
    0.749377
    0.750756
    0.752172
    0.753625
    0.755117
     0.75665
    0.758228
    0.759851
    0.761521
    0.763242
    0.765016
    0.766845
    0.768731
    0.770677
    0.772686
     0.77476
    0.776903
    0.779117
    0.781405
    0.783771
    0.786217
    0.788748
    0.791365
    0.794074
    0.796877
    0.799776
    0.802764
    0.805833
    0.808977
    0.812188
    0.815461
    0.818789
    0.822165
    0.825582
    0.829034
    0.832516
    0.836019
     0.83954
     0.84307
    0.846604
    0.850136
     0.85366
    0.857168
    0.860656
    0.864117
    0.867544
    0.870931
    0.874273
    0.877561
    0.880791
    0.883955
    0.887046
    0.890059
    0.892985
    0.895818
    0.898555
    0.901197
     0.90375
    0.906217
    0.908602
    0.910907
    0.913136
    0.915292
    0.917378
    0.919398
    0.921354
    0.923248
    0.925084
    0.926863
     0.92859
    0.930265
    0.931892
    0.933472
    0.935008
    0.936502
    0.937956
    0.939372
    0.940752
    0.942099
    0.943413
    0.944698
    0.945953
    0.947183
    0.948387
    0.949568
    0.950728
    0.951867
    0.952989
    0.954093
    0.955183
    0.956259
    0.957322
    0.958375
    0.959418
    0.960454
    0.961484
    0.962508
    0.963529
    0.964548
    0.965567
    0.966586
    0.967607
    0.968632
    0.969662
    0.970699
    0.971743
    0.972797
    0.973861
    0.974938
    0.976028
    0.977134
    0.978256
    0.979397
    0.980558
     0.98174
    0.982945
    0.984175
    0.985431
    0.986716
     0.98803
    0.989377
    0.990756
    0.992172
    0.993625
    0.995117
     0.99665
    0.998228
    0.999851
     1.00152
     1.00324
     1.00502
     1.00684
     1.00873
     1.01068
     1.01269
     1.01476
      1.0169
     1.01912
     1.02141
     1.02377
     1.02622
     1.02875
     1.03137
     1.03407
     1.03688
     1.03978
     1.04276
     1.04583
     1.04898
     1.05219
     1.05546
     1.05879
     1.06216
     1.06558
     1.06903
     1.07252
     1.07602
     1.07954
     1.08307
      1.0866
     1.09014
     1.09366
     1.09717
     1.10066
     1.10412
     1.10754
     1.11093
     1.11427
     1.11756
     1.12079
     1.12395
     1.12705
     1.13006
     1.13299
     1.13582
     1.13855
      1.1412
     1.14375
     1.14622
      1.1486
     1.15091
     1.15314
     1.15529
     1.15738
      1.1594
     1.16135
     1.16325
     1.16508
     1.16686
     1.16859
     1.17026
     1.17189
     1.17347
     1.17501
      1.1765
     1.17796
     1.17937
     1.18075
      1.1821
     1.18341
      1.1847
     1.18595
     1.18718
     1.18839
     1.18957
     1.19073
     1.19187
     1.19299
     1.19409
     1.19518
     1.19626
     1.19732
     1.19837
     1.19942
     1.20045
     1.20148
     1.20251
     1.20353
     1.20455
     1.20557
     1.20659
     1.20761
     1.20863
     1.20966
      1.2107
     1.21174
      1.2128
     1.21386
     1.21494
     1.21603
     1.21713
     1.21826
      1.2194
     1.22056
     1.22174
     1.22294
     1.22417
     1.22543
     1.22672
     1.22803
     1.22938
     1.23076
     1.23217
     1.23362
     1.23512
     1.23665
     1.23823
     1.23985
     1.24152
     1.24324
     1.24502
     1.24684
     1.24873
     1.25068
     1.25269
     1.25476
      1.2569
     1.25912
     1.26141
     1.26377
     1.26622
     1.26875
     1.27137
     1.27407
     1.27688
     1.27978
     1.28276
     1.28583
     1.28898
     1.29219
     1.29546
     1.29879
     1.30216
     1.30558
     1.30903
     1.31252
     1.31602
     1.31954
     1.32307
      1.3266
     1.33014
     1.33366
     1.33717
     1.34066
     1.34412
     1.34754
     1.35093
     1.35427
     1.35756
     1.36079
     1.36395
     1.36705
     1.37006
     1.37299
     1.37582
     1.37855
      1.3812
     1.38375
     1.38622
      1.3886
     1.39091
     1.39314
     1.39529
     1.39738
      1.3994
     1.40135
     1.40325
     1.40508
     1.40686
     1.40859
     1.41026
     1.41189
     1.41347
     1.41501
      1.4165
     1.41796
     1.41937
     1.42075
      1.4221
     1.42341
      1.4247
     1.42595
     1.42718
     1.42839
     1.42957
     1.43073
     1.43187
     1.43299
     1.43409
     1.43518
     1.43626
     1.43732
     1.43837
     1.43942
     1.44045
     1.44148
     1.44251
     1.44353
     1.44455
     1.44557
     1.44659
     1.44761
     1.44863
     1.44966
      1.4507
     1.45174
      1.4528
     1.45386
     1.45494
     1.45603
     1.45713
     1.45826
      1.4594
     1.46056
     1.46174
     1.46294
     1.46417
     1.46543
     1.46672
     1.46803
     1.46938
     1.47076
     1.47217
     1.47362
     1.47512
     1.47665
     1.47823
     1.47985
     1.48152
     1.48324
     1.48502
     1.48684
     1.48873
     1.49068
     1.49269
     1.49476
      1.4969
     1.49912
     1.50141
     1.50377
     1.50622
     1.50875
     1.51137
     1.51407
     1.51688
     1.51978
     1.52276
     1.52583
     1.52898
     1.53219
     1.53546
     1.53879
     1.54216
     1.54558
     1.54903
     1.55252
     1.55602
     1.55954
     1.56307
      1.5666
     1.57014
     1.57366
     1.57717
     1.58066
     1.58412
     1.58754
     1.59093
     1.59427
     1.59756
     1.60079
     1.60395
     1.60705
     1.61006
     1.61299
     1.61582
     1.61855
      1.6212
     1.62375
     1.62622
      1.6286
     1.63091
     1.63314
     1.63529
     1.63738
      1.6394
     1.64135
     1.64325
     1.64508
     1.64686
     1.64859
     1.65026
     1.65189
     1.65347
     1.65501
      1.6565
     1.65796
     1.65937
     1.66075
      1.6621
     1.66341
      1.6647
     1.66595
     1.66718
     1.66839
     1.66957
     1.67073
     1.67187
     1.67299
     1.67409
     1.67518
     1.67626
     1.67732
     1.67837
     1.67942
     1.68045
     1.68148
     1.68251
     1.68353
     1.68455
     1.68557
     1.68659
     1.68761
     1.68863
     1.68966
      1.6907
     1.69174
      1.6928
     1.69386
     1.69494
     1.69603
     1.69713
     1.69826
      1.6994
     1.70056
     1.70174
     1.70294
     1.70417
     1.70543
     1.70672
     1.70803
     1.70938
     1.71076
     1.71217
     1.71362
     1.71512
     1.71665
     1.71823
     1.71985
     1.72152
     1.72324
     1.72502
     1.72684
     1.72873
     1.73068
     1.73269
     1.73476
      1.7369
     1.73912
     1.74141
     1.74377
     1.74622
     1.74875
     1.75137
     1.75407
     1.75688
     1.75978
     1.76276
     1.76583
     1.76898
     1.77219
     1.77546
     1.77879
     1.78216
     1.78558
     1.78903
     1.79252
     1.79602
     1.79954
     1.80307
      1.8066
     1.81014
     1.81366
     1.81717
     1.82066
     1.82412
     1.82754
     1.83093
     1.83427
     1.83756
     1.84079
     1.84395
     1.84705
     1.85006
     1.85299
     1.85582
     1.85855
      1.8612
     1.86375
     1.86622
      1.8686
     1.87091
     1.87314
     1.87529
     1.87738
      1.8794
     1.88135
     1.88325
     1.88508
     1.88686
     1.88859
     1.89026
     1.89189
     1.89347
     1.89501
      1.8965
     1.89796
     1.89937
     1.90075
      1.9021
     1.90341
      1.9047
     1.90595
     1.90718
     1.90839
     1.90957
     1.91073
     1.91187
     1.91299
     1.91409
     1.91518
     1.91626
     1.91732
     1.91837
     1.91942
     1.92045
     1.92148
     1.92251
     1.92353
     1.92455
     1.92557
     1.92659
     1.92761
     1.92863
     1.92966
      1.9307
     1.93174
      1.9328
     1.93386
     1.93494
     1.93603
     1.93713
     1.93826
      1.9394
     1.94056
     1.94174
     1.94294
     1.94417
     1.94543
     1.94672
     1.94803
     1.94938
     1.95076
     1.95217
     1.95362
     1.95512
     1.95665
     1.95823
     1.95985
     1.96152
     1.96324
     1.96502
     1.96684
     1.96873
     1.97068
     1.97269
     1.97476
      1.9769
     1.97912
     1.98141
     1.98377
     1.98622
     1.98875
     1.99137
     1.99407
     1.99688
     1.99978
     2.00276
     2.00583
     2.00898
     2.01219
     2.01546
     2.01879
     2.02216
     2.02558
     2.02903
     2.03252
     2.03602
     2.03954
     2.04307
      2.0466
     2.05014
     2.05366
     2.05717
     2.06066
     2.06412
     2.06754
     2.07093
     2.07427
     2.07756
     2.08079
     2.08395
     2.08705
     2.09006
     2.09299
     2.09582
     2.09855
      2.1012
     2.10375
     2.10622
      2.1086
     2.11091
     2.11314
     2.11529
     2.11738
      2.1194
     2.12135
     2.12325
     2.12508
     2.12686
     2.12859
     2.13026
     2.13189
     2.13347
     2.13501
      2.1365
     2.13796
     2.13937
     2.14075
      2.1421
     2.14341
      2.1447
     2.14595
     2.14718
     2.14839
     2.14957
     2.15073
     2.15187
     2.15299
     2.15409
     2.15518
     2.15626
     2.15732
     2.15837
     2.15942
     2.16045
     2.16148
     2.16251
     2.16353
     2.16455
     2.16557
     2.16659
     2.16761
     2.16863
     2.16966
      2.1707
     2.17174
      2.1728
     2.17386
     2.17494
     2.17603
     2.17713
     2.17826
      2.1794
     2.18056
     2.18174
     2.18294
     2.18417
     2.18543
     2.18672
     2.18803
     2.18938
     2.19076
     2.19217
     2.19362
     2.19512
     2.19665
     2.19823
     2.19985
     2.20152
     2.20324
     2.20502
     2.20684
     2.20873
     2.21068
     2.21269
     2.21476
      2.2169
     2.21912
     2.22141
     2.22377
     2.22622
     2.22875
     2.23137
     2.23407
     2.23688
     2.23978
     2.24276
     2.24583
     2.24898
     2.25219
     2.25546
     2.25879
     2.26216
     2.26558
     2.26903
     2.27252
     2.27602
     2.27954
     2.28307
      2.2866
     2.29014
     2.29366
     2.29717
     2.30066
     2.30412
     2.30754
     2.31093
     2.31427
     2.31756
     2.32079
     2.32395
     2.32705
     2.33006
     2.33299
     2.33582
     2.33855
      2.3412
     2.34375
     2.34622
      2.3486
     2.35091
     2.35314
     2.35529
     2.35738
      2.3594
     2.36135
     2.36325
     2.36508
     2.36686
     2.36859
     2.37026
     2.37189
     2.37347
     2.37501
      2.3765
     2.37796
     2.37937
     2.38075
      2.3821
     2.38341
      2.3847
     2.38595
     2.38718
     2.38839
     2.38957
     2.39073
     2.39187
     2.39299
     2.39409
     2.39518
     2.39626
     2.39732
     2.39837
     2.39942
     2.40045
     2.40148
     2.40251
     2.40353
     2.40455
     2.40557
     2.40659
     2.40761
     2.40863
     2.40966
      2.4107
     2.41174
      2.4128
     2.41386
     2.41494
     2.41603
     2.41713
     2.41826
      2.4194
     2.42056
     2.42174
     2.42294
     2.42417
     2.42543
     2.42672
     2.42803
     2.42938
     2.43076
     2.43217
     2.43362
     2.43512
     2.43665
     2.43823
     2.43985
     2.44152
     2.44324
     2.44502
     2.44684
     2.44873
     2.45068
     2.45269
     2.45476
      2.4569
     2.45912
     2.46141
     2.46377
     2.46622
     2.46875
     2.47137
     2.47407
     2.47688
     2.47978
     2.48276
     2.48583
     2.48898
     2.49219
     2.49546
     2.49879
     2.50216
     2.50558
     2.50903
     2.51252
     2.51602
     2.51954
     2.52307
      2.5266
     2.53014
     2.53366
     2.53717
     2.54066
     2.54412
     2.54754
     2.55093
     2.55427
     2.55756
     2.56079
     2.56395
     2.56705
     2.57006
     2.57299
     2.57582
     2.57855
      2.5812
     2.58375
     2.58622
      2.5886
     2.59091
     2.59314
     2.59529
     2.59738
      2.5994
     2.60135
     2.60325
     2.60508
     2.60686
     2.60859
     2.61026
     2.61189
     2.61347
     2.61501
      2.6165
     2.61796
     2.61937
     2.62075
      2.6221
     2.62341
      2.6247
     2.62595
     2.62718
     2.62839
     2.62957
     2.63073
     2.63187
     2.63299
     2.63409
     2.63518
     2.63626
     2.63732
     2.63837
     2.63942
     2.64045
     2.64148
     2.64251
     2.64353
     2.64455
     2.64557
     2.64659
     2.64761
     2.64863
     2.64966
      2.6507
     2.65174
      2.6528
     2.65386
     2.65494
     2.65603
     2.65713
     2.65826
      2.6594
     2.66056
     2.66174
     2.66294
     2.66417
     2.66543
     2.66672
     2.66803
     2.66938
     2.67076
     2.67217
     2.67362
     2.67512
     2.67665
     2.67823
     2.67985
     2.68152
     2.68324
     2.68502
     2.68684
     2.68873
     2.69068
     2.69269
     2.69476
      2.6969
     2.69912
     2.70141
     2.70377
     2.70622
     2.70875
     2.71137
     2.71407
     2.71688
     2.71978
     2.72276
     2.72583
     2.72898
     2.73219
     2.73546
     2.73879
     2.74216
     2.74558
     2.74903
     2.75252
     2.75602
     2.75954
     2.76307
      2.7666
     2.77014
     2.77366
     2.77717
     2.78066
     2.78412
     2.78754
     2.79093
     2.79427
     2.79756
     2.80079
     2.80395
     2.80705
     2.81006
     2.81299
     2.81582
     2.81855
      2.8212
     2.82375
     2.82622
      2.8286
     2.83091
     2.83314
     2.83529
     2.83738
      2.8394
     2.84135
     2.84325
     2.84508
     2.84686
     2.84859
     2.85026
     2.85189
     2.85347
     2.85501
      2.8565
     2.85796
     2.85937
     2.86075
      2.8621
     2.86341
      2.8647
     2.86595
     2.86718
     2.86839
     2.86957
     2.87073
     2.87187
     2.87299
     2.87409
     2.87518
     2.87626
     2.87732
     2.87837
     2.87942
     2.88045
     2.88148
     2.88251
     2.88353
     2.88455
     2.88557
     2.88659
     2.88761
     2.88863
     2.88966
      2.8907
     2.89174
      2.8928
     2.89386
     2.89494
     2.89603
     2.89713
     2.89826
      2.8994
     2.90056
     2.90174
     2.90294
     2.90417
     2.90543
     2.90672
     2.90803
     2.90938
     2.91076
     2.91217
     2.91362
     2.91512
     2.91665
     2.91823
     2.91985
     2.92152
     2.92324
     2.92502
     2.92684
     2.92873
     2.93068
     2.93269
     2.93476
      2.9369
     2.93912
     2.94141
     2.94377
     2.94622
     2.94875
     2.95137
     2.95407
     2.95688
     2.95978
     2.96276
     2.96583
     2.96898
     2.97219
     2.97546
     2.97879
     2.98216
     2.98558
     2.98903
     2.99252
     2.99602
     2.99954
     3.00307
      3.0066
     3.01014
     3.01366
     3.01717
     3.02066
     3.02412
     3.02754
     3.03093
     3.03427
     3.03756
     3.04079
     3.04395
     3.04705
     3.05006
     3.05299
     3.05582
     3.05855
      3.0612
     3.06375
     3.06622
      3.0686
     3.07091
     3.07314
     3.07529
     3.07738
      3.0794
     3.08135
     3.08325
     3.08508
     3.08686
     3.08859
     3.09026
     3.09189
     3.09347
     3.09501
      3.0965
     3.09796
     3.09937
     3.10075
      3.1021
     3.10341
      3.1047
     3.10595
     3.10718
     3.10839
     3.10957
     3.11073
     3.11187
     3.11299
     3.11409
     3.11518
     3.11626
     3.11732
     3.11837
     3.11942
     3.12045
     3.12148
     3.12251
     3.12353
     3.12455
     3.12557
     3.12659
     3.12761
     3.12863
     3.12966
      3.1307
     3.13174
      3.1328
     3.13386
     3.13494
     3.13603
     3.13713
     3.13826
      3.1394
     3.14056
     3.14174
     3.14294
     3.14417
     3.14543
     3.14672
     3.14803
     3.14938
     3.15076
     3.15217
     3.15362
     3.15512
     3.15665
     3.15823
     3.15985
     3.16152
     3.16324
     3.16502
     3.16684
     3.16873
     3.17068
     3.17269
     3.17476
      3.1769
     3.17912
     3.18141
     3.18377
     3.18622
     3.18875
     3.19137
     3.19407
     3.19688
     3.19978
     3.20276
     3.20583
     3.20898
     3.21219
     3.21546
     3.21879
     3.22216
     3.22558
     3.22903
     3.23252
     3.23602
     3.23954
     3.24307
      3.2466
     3.25014
     3.25366
     3.25717
     3.26066
     3.26412
     3.26754
     3.27093
     3.27427
     3.27756
     3.28079
     3.28395
     3.28705
     3.29006
     3.29299
     3.29582
     3.29855
      3.3012
     3.30375
     3.30622
      3.3086
     3.31091
     3.31314
     3.31529
     3.31738
      3.3194
     3.32135
     3.32325
     3.32508
     3.32686
     3.32859
     3.33026
     3.33189
     3.33347
     3.33501
      3.3365
     3.33796
     3.33937
     3.34075
      3.3421
     3.34341
      3.3447
     3.34595
     3.34718
     3.34839
     3.34957
     3.35073
     3.35187
     3.35299
     3.35409
     3.35518
     3.35626
     3.35732
     3.35837
     3.35942
     3.36045
     3.36148
     3.36251
     3.36353
     3.36455
     3.36557
     3.36659
     3.36761
     3.36863
     3.36966
      3.3707
     3.37174
      3.3728
     3.37386
     3.37494
     3.37603
     3.37713
     3.37826
      3.3794
     3.38056
     3.38174
     3.38294
     3.38417
     3.38543
     3.38672
     3.38803
     3.38938
     3.39076
     3.39217
     3.39362
     3.39512
     3.39665
     3.39823
     3.39985
     3.40152
     3.40324
     3.40502
     3.40684
     3.40873
     3.41068
     3.41269
     3.41476
      3.4169
     3.41912
     3.42141
     3.42377
     3.42622
     3.42875
     3.43137
     3.43407
     3.43688
     3.43978
     3.44276
     3.44583
     3.44898
     3.45219
     3.45546
     3.45879
     3.46216
     3.46558
     3.46903
     3.47252
     3.47602
     3.47954
     3.48307
      3.4866
     3.49014
     3.49366
     3.49717
     3.50066
     3.50412
     3.50754
     3.51093
     3.51427
     3.51756
     3.52079
     3.52395
     3.52705
     3.53006
     3.53299
     3.53582
     3.53855
      3.5412
     3.54375
     3.54622
      3.5486
     3.55091
     3.55314
     3.55529
     3.55738
      3.5594
     3.56135
     3.56325
     3.56508
     3.56686
     3.56859
     3.57026
     3.57189
     3.57347
     3.57501
      3.5765
     3.57796
     3.57937
     3.58075
      3.5821
     3.58341
      3.5847
     3.58595
     3.58718
     3.58839
     3.58957
     3.59073
     3.59187
     3.59299
     3.59409
     3.59518
     3.59626
     3.59732
     3.59837
     3.59942
     3.60045
     3.60148
     3.60251
     3.60353
     3.60455
     3.60557
     3.60659
     3.60761
     3.60863
     3.60966
      3.6107
     3.61174
      3.6128
     3.61386
     3.61494
     3.61603
     3.61713
     3.61826
      3.6194
     3.62056
     3.62174
     3.62294
     3.62417
     3.62543
     3.62672
     3.62803
     3.62938
     3.63076
     3.63217
     3.63362
     3.63512
     3.63665
     3.63823
     3.63985
     3.64152
     3.64324
     3.64502
     3.64684
     3.64873
     3.65068
     3.65269
     3.65476
      3.6569
     3.65912
     3.66141
     3.66377
     3.66622
     3.66875
     3.67137
     3.67407
     3.67688
     3.67978
     3.68276
     3.68583
     3.68898
     3.69219
     3.69546
     3.69879
     3.70216
     3.70558
     3.70903
     3.71252
     3.71602
     3.71954
     3.72307
      3.7266
     3.73014
     3.73366
     3.73717
     3.74066
     3.74412
     3.74754
     3.75093
     3.75427
     3.75756
     3.76079
     3.76395
     3.76705
     3.77006
     3.77298
     3.77582
     3.77855
      3.7812
     3.78375
     3.78622
      3.7886
     3.79091
     3.79314
     3.79529
     3.79738
      3.7994
     3.80135
     3.80325
     3.80508
     3.80686
     3.80859
     3.81026
     3.81189
     3.81347
     3.81501
      3.8165
     3.81796
     3.81937
     3.82075
      3.8221
     3.82341
      3.8247
     3.82595
     3.82718
     3.82839
     3.82957
     3.83073
     3.83187
     3.83299
     3.83409
     3.83518
     3.83626
     3.83732
     3.83837
     3.83942
     3.84045
     3.84148
     3.84251
     3.84353
     3.84455
     3.84557
     3.84659
     3.84761
     3.84863
     3.84966
      3.8507
     3.85174
      3.8528
     3.85386
     3.85494
     3.85603
     3.85713
     3.85826
      3.8594
     3.86056
     3.86174
     3.86294
     3.86417
     3.86543
     3.86672
     3.86803
     3.86938
     3.87076
     3.87217
     3.87362
     3.87512
     3.87665
     3.87823
     3.87985
     3.88152
     3.88324
     3.88502
     3.88684
     3.88873
     3.89068
     3.89269
     3.89476
      3.8969
     3.89912
     3.90141
     3.90377
     3.90622
     3.90875
     3.91136
     3.91407
     3.91688
     3.91978
     3.92276
     3.92583
     3.92898
     3.93219
     3.93546
     3.93879
     3.94216
     3.94558
     3.94903
     3.95252
     3.95602
     3.95954
     3.96307
      3.9666
     3.97014
     3.97366
     3.97717
     3.98066
     3.98412
     3.98754
     3.99093
     3.99427
     3.99756
     4.00079
     4.00395
     4.00705
     4.01006
     4.01298
     4.01582
     4.01855
      4.0212
     4.02375
     4.02622
      4.0286
     4.03091
     4.03313
     4.03529
     4.03738
      4.0394
     4.04135
     4.04325
     4.04508
     4.04686
     4.04859
     4.05026
     4.05189
     4.05347
     4.05501
      4.0565
     4.05795
     4.05937
     4.06075
      4.0621
     4.06341
     4.06469
     4.06595
     4.06718
     4.06838
     4.06957
     4.07072
     4.07186
     4.07299
     4.07409
     4.07518
     4.07625
     4.07732
     4.07837
     4.07941
     4.08045
     4.08148
      4.0825
     4.08352
     4.08454
     4.08556
     4.08658
      4.0876
     4.08863
     4.08966
     4.09069
     4.09174
     4.09279
     4.09385
     4.09493
     4.09602
     4.09713
     4.09825
     4.09939
     4.10055
     4.10173
     4.10294
     4.10417
     4.10542
     4.10671
     4.10802
     4.10937
     4.11074
     4.11216
     4.11361
      4.1151
     4.11664
     4.11821
     4.11984
     4.12151
     4.12323
       4.125
     4.12683
     4.12871
     4.13066
     4.13267
     4.13474
     4.13688
      4.1391
     4.14138
     4.14375
     4.14619
     4.14872
     4.15134
     4.15405
     4.15685
     4.15975
     4.16273
      4.1658
     4.16895
     4.17216
     4.17543
     4.17875
     4.18213
     4.18554
       4.189
     4.19248
     4.19598
      4.1995
     4.20302
     4.20656
     4.21009
     4.21361
     4.21712
      4.2206
     4.22406
     4.22749
     4.23087
     4.23421
      4.2375
     4.24072
     4.24388
     4.24697
     4.24998
     4.25291
     4.25574
     4.25847
     4.26111
     4.26366
     4.26612
      4.2685
      4.2708
     4.27303
     4.27518
     4.27726
     4.27928
     4.28123
     4.28312
     4.28495
     4.28673
     4.28845
     4.29012
     4.29174
     4.29331
     4.29484
     4.29633
     4.29778
     4.29919
     4.30056
      4.3019
     4.30321
     4.30448
     4.30573
     4.30695
     4.30815
     4.30932
     4.31047
      4.3116
     4.31271
     4.31381
     4.31489
     4.31595
       4.317
     4.31804
     4.31907
      4.3201
     4.32111
     4.32212
     4.32313
     4.32413
     4.32514
     4.32614
     4.32714
     4.32815
     4.32916
     4.33018
     4.33121
     4.33224
     4.33328
     4.33434
     4.33541
     4.33649
     4.33759
      4.3387
     4.33984
     4.34099
     4.34217
     4.34337
      4.3446
     4.34585
     4.34713
     4.34844
     4.34979
     4.35117
     4.35258
     4.35404
     4.35553
     4.35706
     4.35864
     4.36027
     4.36194
     4.36367
     4.36544
     4.36728
     4.36917
     4.37112
     4.37314
     4.37522
     4.37737
     4.37959
     4.38189
     4.38426
     4.38672
     4.38926
     4.39189
     4.39461
     4.39743
     4.40033
      4.4033
     4.40635
     4.40947
     4.41264
     4.41586
     4.41912
     4.42243
     4.42576
     4.42912
      4.4325
     4.43588
     4.43928
     4.44267
     4.44605
     4.44942
     4.45277
     4.45609
     4.45938
     4.46263
     4.46583
     4.46898
     4.47207
      4.4751
     4.47805
     4.48092
      4.4837
