 -0.0348707
 -0.0348467
 -0.0348219
 -0.0347962
 -0.0347694
 -0.0347417
 -0.0347129
  -0.034683
 -0.0346519
 -0.0346197
 -0.0345863
 -0.0345516
 -0.0345156
 -0.0344783
 -0.0344395
 -0.0343992
 -0.0343575
 -0.0343141
 -0.0342691
 -0.0342224
 -0.0341739
 -0.0341236
 -0.0340714
 -0.0340172
  -0.033961
 -0.0339026
  -0.033842
 -0.0337792
 -0.0337139
 -0.0336462
 -0.0335759
 -0.0335029
 -0.0334272
 -0.0333487
 -0.0332671
 -0.0331824
 -0.0330946
 -0.0330034
 -0.0329088
 -0.0328106
 -0.0327086
 -0.0326028
  -0.032493
 -0.0323791
 -0.0322608
  -0.032138
 -0.0320106
 -0.0318784
 -0.0317412
 -0.0315987
 -0.0314509
 -0.0312975
 -0.0311382
  -0.030973
 -0.0308014
 -0.0306234
 -0.0304387
 -0.0302469
 -0.0300479
 -0.0298413
 -0.0296269
 -0.0294044
 -0.0291735
 -0.0289338
 -0.0286851
 -0.0284269
 -0.0281589
 -0.0278808
 -0.0275922
 -0.0272927
 -0.0269818
 -0.0266591
 -0.0263242
 -0.0259766
 -0.0256159
 -0.0252415
 -0.0248529
 -0.0244496
  -0.024031
 -0.0235966
 -0.0231457
 -0.0226778
 -0.0221921
  -0.021688
 -0.0211649
 -0.0206219
 -0.0200584
 -0.0194735
 -0.0188665
 -0.0182365
 -0.0175826
  -0.016904
 -0.0161997
 -0.0154687
   -0.01471
 -0.0139226
 -0.0131054
 -0.0122572
 -0.0113769
 -0.0104632
-0.00951498
-0.00853082
 -0.0075094
 -0.0064493
-0.00534904
-0.00420712
-0.00302196
-0.00179191
-0.00051528
0.000809697
 0.00218485
 0.00361208
 0.00509337
 0.00663075
 0.00822635
 0.00988238
  0.0116011
  0.0133849
  0.0152363
  0.0171578
  0.0191521
  0.0212219
  0.0233701
  0.0255996
  0.0279136
  0.0303152
  0.0328077
  0.0353946
  0.0380795
  0.0408661
  0.0437582
  0.0467599
  0.0496858
  0.0525333
  0.0552992
  0.0579805
  0.0605739
  0.0630763
   0.065484
  0.0677936
  0.0700013
  0.0721033
  0.0740955
  0.0759738
  0.0777338
  0.0793712
  0.0808813
  0.0822591
  0.0834998
  0.0845981
  0.0855487
  0.0863459
  0.0871733
   0.088032
  0.0889233
  0.0898483
  0.0908084
  0.0918048
  0.0928389
  0.0939122
  0.0950261
  0.0961823
  0.0973822
  0.0986275
    0.09992
   0.101261
   0.102654
   0.104099
   0.105598
   0.107155
    0.10877
   0.110447
   0.112187
   0.113993
   0.115868
   0.117813
   0.119832
   0.121928
   0.124103
    0.12636
   0.128703
   0.131134
   0.133658
   0.136277
   0.138995
   0.141816
   0.144744
   0.147783
   0.150937
   0.154211
   0.157608
   0.161135
   0.164567
   0.167902
   0.171137
   0.174266
   0.177287
   0.180195
   0.182986
   0.185656
   0.188199
   0.190611
   0.192888
   0.195023
   0.197013
    0.19885
   0.200529
   0.202046
   0.203392
   0.204562
   0.205549
   0.206346
   0.207173
   0.208032
   0.208923
   0.209848
   0.210808
   0.211805
   0.212839
   0.213912
   0.215026
   0.216182
   0.217382
   0.218628
    0.21992
   0.221262
   0.222654
   0.224099
   0.225599
   0.227155
   0.228771
   0.230447
   0.232187
   0.233993
   0.235868
   0.237813
   0.239832
   0.241928
   0.244103
    0.24636
   0.248703
   0.251134
   0.253658
   0.256277
   0.258995
   0.261816
   0.264745
   0.267784
   0.270938
   0.274211
   0.277609
   0.281135
   0.284567
   0.287903
   0.291137
   0.294267
   0.297287
   0.300195
   0.302986
   0.305656
   0.308199
   0.310612
   0.312888
   0.315024
   0.317013
    0.31885
    0.32053
   0.322046
   0.323392
   0.324562
   0.325549
   0.326346
   0.327174
   0.328033
   0.328924
   0.329849
   0.330809
   0.331805
    0.33284
   0.333913
   0.335027
   0.336183
   0.337383
   0.338628
   0.339921
   0.341262
   0.342655
     0.3441
   0.345599
   0.347156
   0.348771
   0.350448
   0.352188
   0.353994
   0.355869
   0.357814
   0.359833
   0.361929
   0.364104
   0.366361
   0.368704
   0.371136
   0.373659
   0.376278
   0.378997
   0.381818
   0.384746
   0.387785
    0.39094
   0.394213
   0.397611
   0.401137
    0.40457
   0.407905
   0.411139
   0.414269
    0.41729
   0.420198
   0.422989
   0.425659
   0.428202
   0.430615
   0.432891
   0.435027
   0.437016
   0.438854
   0.440534
    0.44205
   0.443396
   0.444566
   0.445553
   0.446351
   0.447178
   0.448037
   0.448929
   0.449854
   0.450814
   0.451811
   0.452845
   0.453919
   0.455033
   0.456189
    0.45739
   0.458635
   0.459928
    0.46127
   0.462662
   0.464108
   0.465608
   0.467165
    0.46878
   0.470457
   0.472198
   0.474004
   0.475879
   0.477825
   0.479845
   0.481941
   0.484116
   0.486374
   0.488717
   0.491149
   0.493673
   0.496293
   0.499012
   0.501834
   0.504763
   0.507802
   0.510957
   0.514231
    0.51763
   0.521156
    0.52459
   0.527926
   0.531161
   0.534292
   0.537313
   0.540222
   0.543014
   0.545685
   0.548229
   0.550643
   0.552921
   0.555057
   0.557048
   0.558887
   0.560568
   0.562085
   0.563433
   0.564604
   0.565593
   0.566392
   0.567221
   0.568081
   0.568975
   0.569902
   0.570864
   0.571862
   0.572898
   0.573974
    0.57509
   0.576249
   0.577451
   0.578699
   0.579994
   0.581339
   0.582734
   0.584182
   0.585685
   0.587245
   0.588863
   0.590544
   0.592287
   0.594097
   0.595976
   0.597925
   0.599948
   0.602048
   0.604228
    0.60649
   0.608837
   0.611274
   0.613803
   0.616428
   0.619152
   0.621979
   0.624913
   0.627958
   0.631119
     0.6344
   0.637804
   0.641338
   0.644778
   0.648121
   0.651364
   0.654502
   0.657532
   0.660449
    0.66325
   0.665929
   0.668483
   0.670906
   0.673193
   0.675341
   0.677342
   0.679192
   0.680884
   0.682414
   0.683774
   0.684958
    0.68596
   0.686773
   0.687617
   0.688492
   0.689401
   0.690344
   0.691323
   0.692339
   0.693393
   0.694487
   0.695623
   0.696802
   0.698025
   0.699295
   0.700612
    0.70198
     0.7034
   0.704873
   0.706402
   0.707989
   0.709636
   0.711345
   0.713119
   0.714961
   0.716872
   0.718855
   0.720914
    0.72305
   0.725268
   0.727569
   0.729958
   0.732437
    0.73501
    0.73768
   0.740451
   0.743328
   0.746313
   0.749411
   0.752627
   0.755965
   0.759429
   0.763024
   0.766528
   0.769937
   0.773249
   0.776458
   0.779562
   0.782556
   0.785437
   0.788199
