-0.00444269
-0.00435666
-0.00427673
-0.00420279
-0.00413474
-0.00407247
-0.00401589
-0.00396493
 -0.0039195
-0.00387954
-0.00384499
 -0.0038158
-0.00379193
-0.00377333
-0.00375998
-0.00375186
-0.00374895
-0.00375124
-0.00375873
-0.00377144
-0.00378936
-0.00381254
-0.00384098
-0.00387474
-0.00391384
-0.00395835
-0.00400833
-0.00406382
-0.00412492
 -0.0041917
-0.00426424
-0.00434266
-0.00442704
-0.00451751
-0.00461418
-0.00471719
-0.00482667
-0.00494277
-0.00506564
-0.00519546
 -0.0053324
-0.00547665
-0.00562839
-0.00578783
 -0.0059552
-0.00613071
 -0.0063146
-0.00650713
-0.00670856
-0.00691915
 -0.0071392
  -0.007369
-0.00760887
-0.00785913
-0.00812012
-0.00839219
-0.00867572
 -0.0089711
-0.00927871
-0.00959899
-0.00993236
 -0.0102793
 -0.0106402
 -0.0110157
 -0.0114062
 -0.0118122
 -0.0122344
 -0.0126732
 -0.0131293
 -0.0136034
 -0.0140959
 -0.0146077
 -0.0151394
 -0.0156918
 -0.0162655
 -0.0168614
 -0.0174803
  -0.018123
 -0.0187905
 -0.0194835
 -0.0202031
 -0.0209502
 -0.0217259
 -0.0225312
 -0.0233672
  -0.024235
 -0.0251359
 -0.0260711
 -0.0270417
 -0.0280492
  -0.029095
 -0.0301804
 -0.0313057
  -0.032468
 -0.0336641
 -0.0348911
  -0.036146
 -0.0374259
 -0.0387279
 -0.0400492
 -0.0413871
 -0.0427386
 -0.0441011
 -0.0454719
 -0.0468481
 -0.0482271
 -0.0496061
 -0.0509825
 -0.0523535
 -0.0537164
 -0.0550685
  -0.056407
 -0.0577292
 -0.0590323
 -0.0603135
   -0.06157
 -0.0627988
 -0.0639971
  -0.065162
 -0.0662904
 -0.0673794
 -0.0684258
 -0.0694277
 -0.0703864
 -0.0713033
 -0.0721798
 -0.0730171
 -0.0738163
 -0.0745786
 -0.0753051
 -0.0759968
 -0.0766547
 -0.0772798
 -0.0778729
 -0.0784348
 -0.0789665
 -0.0794686
 -0.0799418
 -0.0803868
 -0.0808044
 -0.0811949
 -0.0815592
 -0.0818975
 -0.0822105
 -0.0824986
 -0.0827622
 -0.0830017
 -0.0832174
 -0.0834097
 -0.0835789
 -0.0837251
 -0.0838486
 -0.0839496
 -0.0840283
 -0.0840847
 -0.0841191
 -0.0841313
 -0.0841215
 -0.0840897
 -0.0840359
 -0.0839599
 -0.0838617
 -0.0837411
 -0.0835981
 -0.0834324
 -0.0832439
 -0.0830322
 -0.0827971
 -0.0825383
 -0.0822555
 -0.0819482
 -0.0816161
 -0.0812586
 -0.0808755
  -0.080466
 -0.0800297
 -0.0795661
 -0.0790743
 -0.0785539
 -0.0780041
 -0.0774241
 -0.0768132
 -0.0761705
 -0.0754952
 -0.0747864
 -0.0740431
 -0.0732643
 -0.0724489
 -0.0715958
 -0.0707039
 -0.0697719
 -0.0687987
 -0.0677828
  -0.066723
 -0.0656176
 -0.0644654
 -0.0632646
 -0.0620136
 -0.0607109
 -0.0593544
 -0.0579426
 -0.0564733
 -0.0549447
 -0.0533545
 -0.0517008
 -0.0499812
 -0.0481933
 -0.0463348
 -0.0444031
 -0.0423956
 -0.0403095
  -0.038142
 -0.0358925
 -0.0335672
  -0.031172
 -0.0287131
 -0.0261962
 -0.0236273
 -0.0210119
 -0.0183558
 -0.0156646
 -0.0129438
 -0.0101988
-0.00743525
-0.00465846
-0.00187388
 0.00091312
 0.00369714
 0.00647279
 0.00923469
  0.0119774
  0.0146955
  0.0173836
  0.0200361
  0.0226475
  0.0252121
  0.0277244
  0.0301786
  0.0325689
  0.0348894
  0.0371341
  0.0392969
  0.0413739
  0.0433682
  0.0452824
  0.0471194
  0.0488817
  0.0505718
  0.0521921
  0.0537449
  0.0552325
  0.0566569
  0.0580201
  0.0593241
  0.0605707
  0.0617618
  0.0628989
  0.0639837
  0.0650178
  0.0660027
  0.0669396
    0.06783
  0.0686751
  0.0694762
  0.0702344
  0.0709507
  0.0716261
  0.0722618
  0.0728585
   0.073417
  0.0739384
  0.0744231
  0.0748721
  0.0752858
   0.075665
  0.0760101
  0.0763217
  0.0766001
   0.076846
  0.0770595
   0.077241
  0.0773908
  0.0775091
  0.0775962
   0.077652
  0.0776768
  0.0776706
  0.0776335
  0.0775653
   0.077466
  0.0773355
  0.0771736
  0.0769802
  0.0767549
  0.0764976
  0.0762078
  0.0758852
  0.0755293
  0.0751397
  0.0747159
  0.0742573
  0.0737633
  0.0732332
  0.0726664
   0.072062
  0.0714192
  0.0707372
  0.0700151
  0.0692519
  0.0684465
  0.0675979
  0.0667049
  0.0657663
  0.0647809
  0.0637472
   0.062664
  0.0615297
  0.0603428
  0.0591017
  0.0578047
    0.05645
  0.0550358
  0.0535602
  0.0520212
  0.0504167
  0.0487445
  0.0470022
  0.0451877
  0.0432983
  0.0413316
  0.0392848
  0.0371552
  0.0349421
  0.0326518
  0.0302905
  0.0278641
  0.0253786
  0.0228398
  0.0202535
  0.0176254
  0.0149611
  0.0122662
 0.00954632
 0.00680683
 0.00405324
 0.00129099
-0.00147449
-0.00423779
-0.00699349
-0.00973616
 -0.0124604
 -0.0151607
 -0.0178316
 -0.0204675
  -0.023063
 -0.0256123
 -0.0281098
 -0.0305498
 -0.0329264
 -0.0352336
 -0.0374656
 -0.0396162
 -0.0416815
 -0.0436644
 -0.0455677
 -0.0473941
 -0.0491463
 -0.0508266
 -0.0524375
 -0.0539813
 -0.0554601
 -0.0568761
 -0.0582312
 -0.0595274
 -0.0607666
 -0.0619504
 -0.0630805
 -0.0641587
 -0.0651863
 -0.0661649
 -0.0670959
 -0.0679805
 -0.0688201
 -0.0696158
 -0.0703688
 -0.0710801
 -0.0717508
 -0.0723819
 -0.0729741
 -0.0735284
 -0.0740456
 -0.0745265
 -0.0749716
 -0.0753817
 -0.0757573
  -0.076099
 -0.0764073
 -0.0766826
 -0.0769254
  -0.077136
 -0.0773147
 -0.0774617
 -0.0775774
 -0.0776619
 -0.0777154
 -0.0777379
 -0.0777294
 -0.0776901
 -0.0776198
 -0.0775185
  -0.077386
 -0.0772223
 -0.0770271
 -0.0768001
 -0.0765411
 -0.0762497
 -0.0759255
 -0.0755682
 -0.0751772
  -0.074752
 -0.0742921
 -0.0737968
 -0.0732654
 -0.0726974
 -0.0720918
  -0.071448
 -0.0707649
 -0.0700418
 -0.0692776
 -0.0684712
 -0.0676217
 -0.0667278
 -0.0657884
 -0.0648021
 -0.0637677
 -0.0626837
 -0.0615487
 -0.0603611
 -0.0591193
 -0.0578217
 -0.0564664
 -0.0550516
 -0.0535754
 -0.0520358
 -0.0504308
  -0.048758
 -0.0470153
 -0.0452003
 -0.0433105
 -0.0413433
  -0.039296
  -0.037166
 -0.0349525
 -0.0326618
 -0.0303001
 -0.0278734
 -0.0253875
 -0.0228484
 -0.0202618
 -0.0176334
 -0.0149688
 -0.0122737
-0.00955347
-0.00681372
-0.00405987
-0.00129738
 0.00146834
 0.00423186
 0.00698778
 0.00973066
  0.0124551
  0.0151556
  0.0178267
  0.0204628
  0.0230584
  0.0256079
  0.0281056
  0.0305457
  0.0329224
  0.0352299
   0.037462
  0.0396127
  0.0416781
  0.0436611
  0.0455646
  0.0473911
  0.0491434
  0.0508238
  0.0524348
  0.0539787
  0.0554576
  0.0568737
  0.0582289
  0.0595252
  0.0607644
  0.0619483
  0.0630785
  0.0641568
  0.0651845
  0.0661631
  0.0670942
  0.0679789
  0.0688185
  0.0696143
  0.0703673
  0.0710787
  0.0717495
  0.0723806
  0.0729729
  0.0735272
  0.0740445
  0.0745253
  0.0749705
  0.0753806
  0.0757563
   0.076098
  0.0764063
  0.0766817
  0.0769245
  0.0771351
  0.0773138
   0.077461
  0.0775767
  0.0776612
  0.0777147
  0.0777372
  0.0777288
  0.0776894
  0.0776192
  0.0775179
  0.0773855
  0.0772218
  0.0770266
  0.0767996
  0.0765406
  0.0762492
  0.0759251
  0.0755678
  0.0751768
  0.0747516
  0.0742917
  0.0737964
  0.0732651
   0.072697
  0.0720915
  0.0714477
  0.0707646
  0.0700415
  0.0692773
   0.068471
  0.0676214
  0.0667276
  0.0657882
  0.0648019
  0.0637675
  0.0626835
  0.0615485
  0.0603609
  0.0591191
  0.0578215
  0.0564662
  0.0550514
  0.0535753
  0.0520357
  0.0504306
  0.0487579
  0.0470152
  0.0452001
  0.0433103
  0.0413431
  0.0392959
  0.0371659
  0.0349524
  0.0326617
     0.0303
  0.0278733
  0.0253874
  0.0228483
  0.0202617
  0.0176333
  0.0149687
  0.0122736
 0.00955339
 0.00681364
  0.0040598
 0.00129731
 -0.0014684
-0.00423193
-0.00698784
-0.00973072
 -0.0124551
 -0.0151556
 -0.0178267
 -0.0204628
 -0.0230585
  -0.025608
 -0.0281056
 -0.0305458
 -0.0329225
 -0.0352299
  -0.037462
 -0.0396128
 -0.0416782
 -0.0436612
 -0.0455646
 -0.0473911
 -0.0491434
 -0.0508238
 -0.0524349
 -0.0539787
 -0.0554576
 -0.0568737
 -0.0582289
 -0.0595252
 -0.0607644
 -0.0619483
 -0.0630786
 -0.0641568
 -0.0651845
 -0.0661632
 -0.0670942
 -0.0679789
 -0.0688185
 -0.0696143
 -0.0703674
 -0.0710787
 -0.0717495
 -0.0723806
 -0.0729729
 -0.0735272
 -0.0740445
 -0.0745253
 -0.0749705
 -0.0753806
 -0.0757563
  -0.076098
 -0.0764063
 -0.0766817
 -0.0769245
 -0.0771351
 -0.0773139
  -0.077461
 -0.0775767
 -0.0776612
 -0.0777147
 -0.0777372
 -0.0777288
 -0.0776894
 -0.0776192
 -0.0775179
 -0.0773855
 -0.0772218
 -0.0770266
 -0.0767996
 -0.0765406
 -0.0762492
 -0.0759251
 -0.0755678
 -0.0751768
 -0.0747516
 -0.0742917
 -0.0737964
 -0.0732651
  -0.072697
 -0.0720915
 -0.0714477
 -0.0707646
 -0.0700415
 -0.0692773
  -0.068471
 -0.0676214
 -0.0667276
 -0.0657882
 -0.0648019
 -0.0637675
 -0.0626835
 -0.0615485
 -0.0603609
 -0.0591191
 -0.0578215
 -0.0564662
 -0.0550514
 -0.0535753
 -0.0520357
 -0.0504306
 -0.0487579
 -0.0470152
 -0.0452001
 -0.0433103
 -0.0413431
 -0.0392959
 -0.0371659
 -0.0349524
 -0.0326617
    -0.0303
 -0.0278733
 -0.0253874
 -0.0228483
 -0.0202617
 -0.0176333
 -0.0149687
 -0.0122736
-0.00955339
-0.00681364
 -0.0040598
-0.00129731
  0.0014684
 0.00423193
 0.00698784
 0.00973072
  0.0124551
  0.0151556
  0.0178267
  0.0204628
  0.0230585
   0.025608
  0.0281056
  0.0305458
  0.0329225
  0.0352299
   0.037462
  0.0396128
  0.0416782
  0.0436612
  0.0455646
  0.0473911
  0.0491434
  0.0508238
  0.0524349
  0.0539787
  0.0554576
  0.0568737
  0.0582289
  0.0595252
  0.0607644
  0.0619483
  0.0630786
  0.0641568
  0.0651845
  0.0661632
  0.0670942
  0.0679789
  0.0688185
  0.0696143
  0.0703674
  0.0710787
  0.0717495
  0.0723806
  0.0729729
  0.0735272
  0.0740445
  0.0745253
  0.0749705
  0.0753806
  0.0757563
   0.076098
  0.0764063
  0.0766817
  0.0769245
  0.0771351
  0.0773139
   0.077461
  0.0775767
  0.0776612
  0.0777147
  0.0777372
  0.0777288
  0.0776894
  0.0776192
  0.0775179
  0.0773855
  0.0772218
  0.0770266
  0.0767996
  0.0765406
  0.0762492
  0.0759251
  0.0755678
  0.0751768
  0.0747516
  0.0742917
  0.0737964
  0.0732651
   0.072697
  0.0720915
  0.0714477
  0.0707646
  0.0700415
  0.0692773
   0.068471
  0.0676214
  0.0667276
  0.0657882
  0.0648019
  0.0637675
  0.0626835
  0.0615485
  0.0603609
  0.0591191
  0.0578215
  0.0564662
  0.0550514
  0.0535753
  0.0520357
  0.0504306
  0.0487579
  0.0470152
  0.0452001
  0.0433103
  0.0413431
  0.0392959
  0.0371659
  0.0349524
  0.0326617
     0.0303
  0.0278733
  0.0253874
  0.0228483
  0.0202617
  0.0176333
  0.0149687
  0.0122736
 0.00955339
 0.00681364
  0.0040598
 0.00129731
 -0.0014684
-0.00423193
-0.00698784
-0.00973072
 -0.0124551
 -0.0151556
 -0.0178267
 -0.0204628
 -0.0230585
  -0.025608
 -0.0281056
 -0.0305458
 -0.0329225
 -0.0352299
  -0.037462
 -0.0396128
 -0.0416782
 -0.0436612
 -0.0455646
 -0.0473911
 -0.0491434
 -0.0508238
 -0.0524349
 -0.0539787
 -0.0554576
 -0.0568737
 -0.0582289
 -0.0595252
 -0.0607644
 -0.0619483
 -0.0630786
 -0.0641568
 -0.0651845
 -0.0661632
 -0.0670942
 -0.0679789
 -0.0688185
 -0.0696143
 -0.0703674
 -0.0710787
 -0.0717495
 -0.0723806
 -0.0729729
 -0.0735272
 -0.0740445
 -0.0745253
 -0.0749705
 -0.0753806
 -0.0757563
  -0.076098
 -0.0764063
 -0.0766817
 -0.0769245
 -0.0771351
 -0.0773139
  -0.077461
 -0.0775767
 -0.0776612
 -0.0777147
 -0.0777372
 -0.0777288
 -0.0776894
 -0.0776192
 -0.0775179
 -0.0773855
 -0.0772218
 -0.0770266
 -0.0767996
 -0.0765406
 -0.0762492
 -0.0759251
 -0.0755678
 -0.0751768
 -0.0747516
 -0.0742917
 -0.0737964
 -0.0732651
  -0.072697
 -0.0720915
 -0.0714477
 -0.0707646
 -0.0700415
 -0.0692773
  -0.068471
 -0.0676214
 -0.0667276
 -0.0657882
 -0.0648019
 -0.0637675
 -0.0626835
 -0.0615485
 -0.0603609
 -0.0591191
 -0.0578215
 -0.0564662
 -0.0550514
 -0.0535753
 -0.0520357
 -0.0504306
 -0.0487579
 -0.0470152
 -0.0452001
 -0.0433103
 -0.0413431
 -0.0392959
 -0.0371659
 -0.0349524
 -0.0326617
    -0.0303
 -0.0278733
 -0.0253874
 -0.0228483
 -0.0202617
 -0.0176333
 -0.0149687
 -0.0122736
-0.00955339
-0.00681364
 -0.0040598
-0.00129731
  0.0014684
 0.00423193
 0.00698784
 0.00973072
  0.0124551
  0.0151556
  0.0178267
  0.0204628
  0.0230585
   0.025608
  0.0281056
  0.0305458
  0.0329225
  0.0352299
   0.037462
  0.0396128
  0.0416782
  0.0436612
  0.0455646
  0.0473911
  0.0491434
  0.0508238
  0.0524349
  0.0539787
  0.0554576
  0.0568737
  0.0582289
  0.0595252
  0.0607644
  0.0619483
  0.0630786
  0.0641568
  0.0651845
  0.0661632
  0.0670942
  0.0679789
  0.0688185
  0.0696143
  0.0703674
  0.0710787
  0.0717495
  0.0723806
  0.0729729
  0.0735272
  0.0740445
  0.0745253
  0.0749705
  0.0753806
  0.0757563
   0.076098
  0.0764063
  0.0766817
  0.0769245
  0.0771351
  0.0773139
   0.077461
  0.0775767
  0.0776612
  0.0777147
  0.0777372
  0.0777288
  0.0776894
  0.0776192
  0.0775179
  0.0773855
  0.0772218
  0.0770266
  0.0767996
  0.0765406
  0.0762492
  0.0759251
  0.0755678
  0.0751768
  0.0747516
  0.0742917
  0.0737964
  0.0732651
   0.072697
  0.0720915
  0.0714477
  0.0707646
  0.0700415
  0.0692773
   0.068471
  0.0676214
  0.0667276
  0.0657882
  0.0648019
  0.0637675
  0.0626835
  0.0615485
  0.0603609
  0.0591191
  0.0578215
  0.0564662
  0.0550514
  0.0535753
  0.0520357
  0.0504306
  0.0487579
  0.0470152
  0.0452001
  0.0433103
  0.0413431
  0.0392959
  0.0371659
  0.0349524
  0.0326617
     0.0303
  0.0278733
  0.0253874
  0.0228483
  0.0202617
  0.0176333
  0.0149687
  0.0122736
 0.00955339
 0.00681364
  0.0040598
 0.00129731
 -0.0014684
-0.00423193
-0.00698784
-0.00973072
 -0.0124551
 -0.0151556
 -0.0178267
 -0.0204628
 -0.0230585
  -0.025608
 -0.0281056
 -0.0305458
 -0.0329225
 -0.0352299
  -0.037462
 -0.0396128
 -0.0416782
 -0.0436612
 -0.0455646
 -0.0473911
 -0.0491434
 -0.0508238
 -0.0524349
 -0.0539787
 -0.0554576
 -0.0568737
 -0.0582289
 -0.0595252
 -0.0607644
 -0.0619483
 -0.0630786
 -0.0641568
 -0.0651845
 -0.0661632
 -0.0670942
 -0.0679789
 -0.0688185
 -0.0696143
 -0.0703674
 -0.0710787
 -0.0717495
 -0.0723806
 -0.0729729
 -0.0735272
 -0.0740445
 -0.0745253
 -0.0749705
 -0.0753806
 -0.0757563
  -0.076098
 -0.0764063
 -0.0766817
 -0.0769245
 -0.0771351
 -0.0773139
  -0.077461
 -0.0775767
 -0.0776612
 -0.0777147
 -0.0777372
 -0.0777288
 -0.0776894
 -0.0776192
 -0.0775179
 -0.0773855
 -0.0772218
 -0.0770266
 -0.0767996
 -0.0765406
 -0.0762492
 -0.0759251
 -0.0755678
 -0.0751768
 -0.0747516
 -0.0742917
 -0.0737964
 -0.0732651
  -0.072697
 -0.0720915
 -0.0714477
 -0.0707646
 -0.0700415
 -0.0692773
  -0.068471
 -0.0676214
 -0.0667276
 -0.0657882
 -0.0648019
 -0.0637675
 -0.0626835
 -0.0615485
 -0.0603609
 -0.0591191
 -0.0578215
 -0.0564662
 -0.0550514
 -0.0535753
 -0.0520357
 -0.0504306
 -0.0487579
 -0.0470152
 -0.0452001
 -0.0433103
 -0.0413431
 -0.0392959
 -0.0371659
 -0.0349524
 -0.0326617
    -0.0303
 -0.0278733
 -0.0253874
 -0.0228483
 -0.0202617
 -0.0176333
 -0.0149687
 -0.0122736
-0.00955339
-0.00681364
 -0.0040598
-0.00129731
  0.0014684
 0.00423193
 0.00698784
 0.00973072
  0.0124551
  0.0151556
  0.0178267
  0.0204628
  0.0230585
   0.025608
  0.0281056
  0.0305458
  0.0329225
  0.0352299
   0.037462
  0.0396128
  0.0416782
  0.0436612
  0.0455646
  0.0473911
  0.0491434
  0.0508238
  0.0524349
  0.0539787
  0.0554576
  0.0568737
  0.0582289
  0.0595252
  0.0607644
  0.0619483
  0.0630786
  0.0641568
  0.0651845
  0.0661632
  0.0670942
  0.0679789
  0.0688185
  0.0696143
  0.0703674
  0.0710787
  0.0717495
  0.0723806
  0.0729729
  0.0735272
  0.0740445
  0.0745253
  0.0749705
  0.0753806
  0.0757563
   0.076098
  0.0764063
  0.0766817
  0.0769245
  0.0771351
  0.0773139
   0.077461
  0.0775767
  0.0776612
  0.0777147
  0.0777372
  0.0777288
  0.0776894
  0.0776192
  0.0775179
  0.0773855
  0.0772218
  0.0770266
  0.0767996
  0.0765406
  0.0762492
  0.0759251
  0.0755678
  0.0751768
  0.0747516
  0.0742917
  0.0737964
  0.0732651
   0.072697
  0.0720915
  0.0714477
  0.0707646
  0.0700415
  0.0692773
   0.068471
  0.0676214
  0.0667276
  0.0657882
  0.0648019
  0.0637675
  0.0626835
  0.0615485
  0.0603609
  0.0591191
  0.0578215
  0.0564662
  0.0550514
  0.0535753
  0.0520357
  0.0504306
  0.0487579
  0.0470152
  0.0452001
  0.0433103
  0.0413431
  0.0392959
  0.0371659
  0.0349524
  0.0326617
     0.0303
  0.0278733
  0.0253874
  0.0228483
  0.0202617
  0.0176333
  0.0149687
  0.0122736
 0.00955339
 0.00681364
  0.0040598
 0.00129731
 -0.0014684
-0.00423193
-0.00698784
-0.00973072
 -0.0124551
 -0.0151556
 -0.0178267
 -0.0204628
 -0.0230585
  -0.025608
 -0.0281056
 -0.0305458
 -0.0329225
 -0.0352299
  -0.037462
 -0.0396128
 -0.0416782
 -0.0436612
 -0.0455646
 -0.0473911
 -0.0491434
 -0.0508238
 -0.0524349
 -0.0539787
 -0.0554576
 -0.0568737
 -0.0582289
 -0.0595252
 -0.0607644
 -0.0619483
 -0.0630786
 -0.0641568
 -0.0651845
 -0.0661632
 -0.0670942
 -0.0679789
 -0.0688185
 -0.0696143
 -0.0703674
 -0.0710787
 -0.0717495
 -0.0723806
 -0.0729729
 -0.0735272
 -0.0740445
 -0.0745253
 -0.0749705
 -0.0753806
 -0.0757563
  -0.076098
 -0.0764063
 -0.0766817
 -0.0769245
 -0.0771351
 -0.0773139
  -0.077461
 -0.0775767
 -0.0776612
 -0.0777147
 -0.0777372
 -0.0777288
 -0.0776894
 -0.0776192
 -0.0775179
 -0.0773855
 -0.0772218
 -0.0770266
 -0.0767996
 -0.0765406
 -0.0762492
 -0.0759251
 -0.0755678
 -0.0751768
 -0.0747516
 -0.0742917
 -0.0737964
 -0.0732651
  -0.072697
 -0.0720915
 -0.0714477
 -0.0707646
 -0.0700415
 -0.0692773
  -0.068471
 -0.0676214
 -0.0667276
 -0.0657882
 -0.0648019
 -0.0637675
 -0.0626835
 -0.0615485
 -0.0603609
 -0.0591191
 -0.0578215
 -0.0564662
 -0.0550514
 -0.0535753
 -0.0520357
 -0.0504306
 -0.0487579
 -0.0470152
 -0.0452001
 -0.0433103
 -0.0413431
 -0.0392959
 -0.0371659
 -0.0349524
 -0.0326617
    -0.0303
 -0.0278733
 -0.0253874
 -0.0228483
 -0.0202617
 -0.0176333
 -0.0149687
 -0.0122736
-0.00955339
-0.00681364
 -0.0040598
-0.00129731
  0.0014684
 0.00423193
 0.00698784
 0.00973072
  0.0124551
  0.0151556
  0.0178267
  0.0204628
  0.0230585
   0.025608
  0.0281056
  0.0305458
  0.0329225
  0.0352299
   0.037462
  0.0396128
  0.0416782
  0.0436612
  0.0455646
  0.0473911
  0.0491434
  0.0508238
  0.0524349
  0.0539787
  0.0554576
  0.0568737
  0.0582289
  0.0595252
  0.0607644
  0.0619483
  0.0630786
  0.0641568
  0.0651845
  0.0661632
  0.0670942
  0.0679789
  0.0688185
  0.0696143
  0.0703674
  0.0710787
  0.0717495
  0.0723806
  0.0729729
  0.0735272
  0.0740445
  0.0745253
  0.0749705
  0.0753806
  0.0757563
   0.076098
  0.0764063
  0.0766817
  0.0769245
  0.0771351
  0.0773139
   0.077461
  0.0775767
  0.0776612
  0.0777147
  0.0777372
  0.0777288
  0.0776894
  0.0776192
  0.0775179
  0.0773855
  0.0772218
  0.0770266
  0.0767996
  0.0765406
  0.0762492
  0.0759251
  0.0755678
  0.0751768
  0.0747516
  0.0742917
  0.0737964
  0.0732651
   0.072697
  0.0720915
  0.0714477
  0.0707646
  0.0700415
  0.0692773
   0.068471
  0.0676214
  0.0667276
  0.0657882
  0.0648019
  0.0637675
  0.0626835
  0.0615485
  0.0603609
  0.0591191
  0.0578215
  0.0564662
  0.0550514
  0.0535753
  0.0520357
  0.0504306
  0.0487579
  0.0470152
  0.0452001
  0.0433103
  0.0413431
  0.0392959
  0.0371659
  0.0349524
  0.0326617
     0.0303
  0.0278733
  0.0253874
  0.0228483
  0.0202617
  0.0176333
  0.0149687
  0.0122736
 0.00955339
 0.00681364
  0.0040598
 0.00129731
 -0.0014684
-0.00423193
-0.00698784
-0.00973072
 -0.0124551
 -0.0151556
 -0.0178267
 -0.0204628
 -0.0230585
  -0.025608
 -0.0281056
 -0.0305458
 -0.0329225
 -0.0352299
  -0.037462
 -0.0396128
 -0.0416782
 -0.0436612
 -0.0455646
 -0.0473911
 -0.0491434
 -0.0508238
 -0.0524349
 -0.0539787
 -0.0554576
 -0.0568737
 -0.0582289
 -0.0595252
 -0.0607644
 -0.0619483
 -0.0630786
 -0.0641568
 -0.0651845
 -0.0661632
 -0.0670942
 -0.0679789
 -0.0688185
 -0.0696143
 -0.0703674
 -0.0710787
 -0.0717495
 -0.0723806
 -0.0729729
 -0.0735272
 -0.0740445
 -0.0745253
 -0.0749705
 -0.0753806
 -0.0757563
  -0.076098
 -0.0764063
 -0.0766817
 -0.0769245
 -0.0771351
 -0.0773139
  -0.077461
 -0.0775767
 -0.0776612
 -0.0777147
 -0.0777372
 -0.0777288
 -0.0776894
 -0.0776192
 -0.0775179
 -0.0773855
 -0.0772218
 -0.0770266
 -0.0767996
 -0.0765406
 -0.0762492
 -0.0759251
 -0.0755678
 -0.0751768
 -0.0747516
 -0.0742917
 -0.0737964
 -0.0732651
  -0.072697
 -0.0720915
 -0.0714477
 -0.0707646
 -0.0700415
 -0.0692773
  -0.068471
 -0.0676214
 -0.0667276
 -0.0657882
 -0.0648019
 -0.0637675
 -0.0626835
 -0.0615485
 -0.0603609
 -0.0591191
 -0.0578215
 -0.0564662
 -0.0550514
 -0.0535753
 -0.0520357
 -0.0504306
 -0.0487579
 -0.0470152
 -0.0452001
 -0.0433103
 -0.0413431
 -0.0392959
 -0.0371659
 -0.0349524
 -0.0326617
    -0.0303
 -0.0278733
 -0.0253874
 -0.0228483
 -0.0202617
 -0.0176333
 -0.0149687
 -0.0122736
-0.00955339
-0.00681364
 -0.0040598
-0.00129731
  0.0014684
 0.00423193
 0.00698784
 0.00973072
  0.0124551
  0.0151556
  0.0178267
  0.0204628
  0.0230585
   0.025608
  0.0281056
  0.0305458
  0.0329225
  0.0352299
   0.037462
  0.0396128
  0.0416782
  0.0436612
  0.0455646
  0.0473911
  0.0491434
  0.0508238
  0.0524349
  0.0539787
  0.0554576
  0.0568737
  0.0582289
  0.0595252
  0.0607644
  0.0619483
  0.0630786
  0.0641568
  0.0651845
  0.0661632
  0.0670942
  0.0679789
  0.0688185
  0.0696143
  0.0703674
  0.0710787
  0.0717495
  0.0723806
  0.0729729
  0.0735272
  0.0740445
  0.0745253
  0.0749705
  0.0753806
  0.0757563
   0.076098
  0.0764063
  0.0766817
  0.0769245
  0.0771351
  0.0773139
   0.077461
  0.0775767
  0.0776612
  0.0777147
  0.0777372
  0.0777288
  0.0776894
  0.0776192
  0.0775179
  0.0773855
  0.0772218
  0.0770266
  0.0767996
  0.0765406
  0.0762492
  0.0759251
  0.0755678
  0.0751768
  0.0747516
  0.0742917
  0.0737964
  0.0732651
   0.072697
  0.0720915
  0.0714477
  0.0707646
  0.0700415
  0.0692773
   0.068471
  0.0676214
  0.0667276
  0.0657882
  0.0648019
  0.0637675
  0.0626835
  0.0615485
  0.0603609
  0.0591191
  0.0578215
  0.0564662
  0.0550514
  0.0535753
  0.0520357
  0.0504306
  0.0487579
  0.0470152
  0.0452001
  0.0433103
  0.0413431
  0.0392959
  0.0371659
  0.0349524
  0.0326617
     0.0303
  0.0278733
  0.0253874
  0.0228483
  0.0202617
  0.0176333
  0.0149687
  0.0122736
 0.00955339
 0.00681364
  0.0040598
 0.00129731
 -0.0014684
-0.00423193
-0.00698784
-0.00973072
 -0.0124551
 -0.0151556
 -0.0178267
 -0.0204628
 -0.0230585
  -0.025608
 -0.0281056
 -0.0305458
 -0.0329225
 -0.0352299
  -0.037462
 -0.0396128
 -0.0416782
 -0.0436612
 -0.0455646
 -0.0473911
 -0.0491434
 -0.0508238
 -0.0524349
 -0.0539787
 -0.0554576
 -0.0568737
 -0.0582289
 -0.0595252
 -0.0607644
 -0.0619483
 -0.0630786
 -0.0641568
 -0.0651845
 -0.0661632
 -0.0670942
 -0.0679789
 -0.0688185
 -0.0696143
 -0.0703674
 -0.0710787
 -0.0717495
 -0.0723806
 -0.0729729
 -0.0735272
 -0.0740445
 -0.0745253
 -0.0749705
 -0.0753806
 -0.0757563
  -0.076098
 -0.0764063
 -0.0766817
 -0.0769245
 -0.0771351
 -0.0773139
  -0.077461
 -0.0775767
 -0.0776612
 -0.0777147
 -0.0777372
 -0.0777288
 -0.0776894
 -0.0776192
 -0.0775179
 -0.0773855
 -0.0772218
 -0.0770266
 -0.0767996
 -0.0765406
 -0.0762492
 -0.0759251
 -0.0755678
 -0.0751768
 -0.0747516
 -0.0742917
 -0.0737964
 -0.0732651
  -0.072697
 -0.0720915
 -0.0714477
 -0.0707646
 -0.0700415
 -0.0692773
  -0.068471
 -0.0676214
 -0.0667276
 -0.0657882
 -0.0648019
 -0.0637675
 -0.0626835
 -0.0615485
 -0.0603609
 -0.0591191
 -0.0578215
 -0.0564662
 -0.0550514
 -0.0535753
 -0.0520357
 -0.0504306
 -0.0487579
 -0.0470152
 -0.0452001
 -0.0433103
 -0.0413431
 -0.0392959
 -0.0371659
 -0.0349524
 -0.0326617
    -0.0303
 -0.0278733
 -0.0253874
 -0.0228483
 -0.0202617
 -0.0176333
 -0.0149687
 -0.0122736
-0.00955339
-0.00681364
 -0.0040598
-0.00129731
  0.0014684
 0.00423192
 0.00698784
 0.00973072
  0.0124551
  0.0151556
  0.0178267
  0.0204628
  0.0230585
   0.025608
  0.0281056
  0.0305458
  0.0329225
  0.0352299
   0.037462
  0.0396128
  0.0416782
  0.0436612
  0.0455646
  0.0473911
  0.0491434
  0.0508238
  0.0524349
  0.0539787
  0.0554576
  0.0568737
  0.0582289
  0.0595252
  0.0607644
  0.0619483
  0.0630786
  0.0641568
  0.0651845
  0.0661632
  0.0670942
  0.0679789
  0.0688185
  0.0696143
  0.0703674
  0.0710787
  0.0717495
  0.0723806
  0.0729729
  0.0735272
  0.0740445
  0.0745253
  0.0749705
  0.0753806
  0.0757563
   0.076098
  0.0764063
  0.0766817
  0.0769245
  0.0771351
  0.0773139
   0.077461
  0.0775767
  0.0776612
  0.0777147
  0.0777372
  0.0777288
  0.0776894
  0.0776192
  0.0775179
  0.0773855
  0.0772218
  0.0770266
  0.0767996
  0.0765406
  0.0762492
  0.0759251
  0.0755678
  0.0751768
  0.0747516
  0.0742917
  0.0737964
  0.0732651
   0.072697
  0.0720915
  0.0714477
  0.0707646
  0.0700415
  0.0692773
   0.068471
  0.0676214
  0.0667276
  0.0657882
  0.0648019
  0.0637675
  0.0626835
  0.0615485
  0.0603609
  0.0591191
  0.0578215
  0.0564662
  0.0550514
  0.0535753
  0.0520357
  0.0504306
  0.0487579
  0.0470152
  0.0452001
  0.0433103
  0.0413431
  0.0392959
  0.0371659
  0.0349524
  0.0326617
     0.0303
  0.0278733
  0.0253874
  0.0228483
  0.0202617
  0.0176333
  0.0149687
  0.0122736
 0.00955339
 0.00681364
  0.0040598
 0.00129731
 -0.0014684
-0.00423193
-0.00698784
-0.00973072
 -0.0124551
 -0.0151556
 -0.0178267
 -0.0204628
 -0.0230585
  -0.025608
 -0.0281056
 -0.0305458
 -0.0329225
 -0.0352299
  -0.037462
 -0.0396128
 -0.0416782
 -0.0436612
 -0.0455646
 -0.0473911
 -0.0491434
 -0.0508238
 -0.0524349
 -0.0539787
 -0.0554576
 -0.0568737
 -0.0582289
 -0.0595252
 -0.0607644
 -0.0619483
 -0.0630786
 -0.0641568
 -0.0651845
 -0.0661632
 -0.0670942
 -0.0679789
 -0.0688185
 -0.0696143
 -0.0703674
 -0.0710787
 -0.0717495
 -0.0723806
 -0.0729729
 -0.0735272
 -0.0740445
 -0.0745253
 -0.0749705
 -0.0753806
 -0.0757563
  -0.076098
 -0.0764063
 -0.0766817
 -0.0769245
 -0.0771351
 -0.0773139
  -0.077461
 -0.0775767
 -0.0776612
 -0.0777147
 -0.0777372
 -0.0777288
 -0.0776895
 -0.0776192
 -0.0775179
 -0.0773855
 -0.0772218
 -0.0770266
 -0.0767996
 -0.0765406
 -0.0762493
 -0.0759251
 -0.0755678
 -0.0751768
 -0.0747516
 -0.0742917
 -0.0737964
 -0.0732651
 -0.0726971
 -0.0720915
 -0.0714477
 -0.0707646
 -0.0700415
 -0.0692773
  -0.068471
 -0.0676215
 -0.0667276
 -0.0657882
 -0.0648019
 -0.0637675
 -0.0626836
 -0.0615485
  -0.060361
 -0.0591192
 -0.0578215
 -0.0564662
 -0.0550515
 -0.0535753
 -0.0520357
 -0.0504307
 -0.0487579
 -0.0470152
 -0.0452002
 -0.0433104
 -0.0413432
  -0.039296
 -0.0371659
 -0.0349525
 -0.0326618
 -0.0303001
 -0.0278733
 -0.0253875
 -0.0228484
 -0.0202618
 -0.0176334
 -0.0149688
 -0.0122737
-0.00955348
-0.00681373
 -0.0040599
-0.00129741
  0.0014683
 0.00423182
 0.00698773
 0.00973061
   0.012455
  0.0151555
  0.0178266
  0.0204627
  0.0230583
  0.0256078
  0.0281055
  0.0305456
  0.0329223
  0.0352297
  0.0374619
  0.0396126
   0.041678
   0.043661
  0.0455644
  0.0473909
  0.0491432
  0.0508236
  0.0524346
  0.0539785
  0.0554574
  0.0568734
  0.0582287
  0.0595249
  0.0607641
   0.061948
  0.0630783
  0.0641565
  0.0651842
  0.0661628
  0.0670938
  0.0679785
  0.0688181
  0.0696139
  0.0703669
  0.0710783
   0.071749
  0.0723801
  0.0729724
  0.0735267
   0.074044
  0.0745248
  0.0749699
    0.07538
  0.0757557
  0.0760974
  0.0764057
   0.076681
  0.0769238
  0.0771344
  0.0773131
  0.0774602
  0.0775759
  0.0776604
  0.0777138
  0.0777363
  0.0777278
  0.0776885
  0.0776182
  0.0775169
  0.0773844
  0.0772206
  0.0770254
  0.0767984
  0.0765393
  0.0762479
  0.0759237
  0.0755663
  0.0751753
  0.0747501
  0.0742901
  0.0737948
  0.0732634
  0.0726953
  0.0720897
  0.0714458
  0.0707626
  0.0700394
  0.0692752
  0.0684688
  0.0676192
  0.0667252
  0.0657857
  0.0647994
  0.0637649
  0.0626808
  0.0615457
   0.060358
  0.0591161
  0.0578183
  0.0564629
   0.055048
  0.0535717
   0.052032
  0.0504268
  0.0487539
   0.047011
  0.0451958
  0.0433059
  0.0413385
  0.0392911
  0.0371609
  0.0349472
  0.0326564
  0.0302945
  0.0278675
  0.0253814
  0.0228421
  0.0202553
  0.0176266
  0.0149618
  0.0122664
 0.00954593
  0.0068059
 0.00405176
 0.00128897
-0.00147706
 -0.0042409
-0.00699716
-0.00974039
 -0.0124652
  -0.015166
 -0.0178375
  -0.020474
 -0.0230701
   -0.02562
 -0.0281182
 -0.0305587
  -0.032936
 -0.0352439
 -0.0374765
 -0.0396278
 -0.0416938
 -0.0436774
 -0.0455814
 -0.0474086
 -0.0491615
 -0.0508426
 -0.0524544
  -0.053999
 -0.0554786
 -0.0568955
 -0.0582515
 -0.0595487
 -0.0607888
 -0.0619736
 -0.0631048
  -0.064184
 -0.0652127
 -0.0661924
 -0.0671245
 -0.0680104
 -0.0688512
 -0.0696482
 -0.0704025
 -0.0711153
 -0.0717874
 -0.0724199
 -0.0730137
 -0.0735696
 -0.0740884
 -0.0745709
 -0.0750178
 -0.0754297
 -0.0758072
 -0.0761508
 -0.0764611
 -0.0767386
 -0.0769835
 -0.0771963
 -0.0773774
 -0.0775269
 -0.0776451
 -0.0777322
 -0.0777883
 -0.0778136
  -0.077808
 -0.0777717
 -0.0777045
 -0.0776064
 -0.0774774
 -0.0773171
 -0.0771255
 -0.0769023
 -0.0766471
 -0.0763597
 -0.0760397
 -0.0756867
 -0.0753002
 -0.0748797
 -0.0744246
 -0.0739343
 -0.0734082
 -0.0728455
 -0.0722455
 -0.0716075
 -0.0709305
 -0.0702136
 -0.0694558
 -0.0686562
 -0.0678137
  -0.066927
 -0.0659951
 -0.0650166
 -0.0639903
 -0.0629147
 -0.0617884
 -0.0606098
 -0.0593774
 -0.0580894
 -0.0567442
 -0.0553399
 -0.0538746
 -0.0523463
 -0.0507529
 -0.0490923
 -0.0473621
 -0.0455602
 -0.0436839
 -0.0417307
 -0.0396981
 -0.0375832
 -0.0353854
  -0.033111
 -0.0307662
  -0.028357
 -0.0258893
 -0.0233691
  -0.020802
  -0.018194
 -0.0155505
 -0.0128772
 -0.0101797
 -0.0074635
-0.00473409
-0.00199696
 0.00074245
 0.00347868
 0.00620627
 0.00891976
  0.0116137
  0.0142825
  0.0169208
  0.0195229
  0.0220831
   0.024596
  0.0270556
  0.0294562
   0.031792
  0.0340569
