-0.00209243
-0.00217105
-0.00225263
-0.00233728
-0.00242511
-0.00251624
 -0.0026108
-0.00270891
-0.00281072
-0.00291635
-0.00302595
-0.00313968
-0.00325768
-0.00338012
-0.00350716
-0.00363898
-0.00377576
-0.00391768
-0.00406493
-0.00421773
-0.00437626
-0.00454076
-0.00471145
-0.00488855
-0.00507231
-0.00526299
-0.00546083
-0.00566611
-0.00587911
-0.00610012
-0.00632944
-0.00656738
-0.00681427
-0.00707044
-0.00733624
-0.00761204
-0.00789821
-0.00819515
-0.00850324
-0.00882292
-0.00915462
 -0.0094988
-0.00985591
 -0.0102265
 -0.0106109
 -0.0110099
 -0.0114238
 -0.0118533
  -0.012299
 -0.0127614
 -0.0132412
  -0.013739
 -0.0142555
 -0.0147915
 -0.0153477
 -0.0159247
 -0.0165234
 -0.0171447
 -0.0177893
 -0.0184582
 -0.0191522
 -0.0198723
 -0.0206194
 -0.0213947
 -0.0221991
 -0.0230338
 -0.0238999
 -0.0247985
 -0.0257309
 -0.0266984
 -0.0277022
 -0.0287438
 -0.0298246
  -0.030946
 -0.0321095
 -0.0333169
 -0.0345696
 -0.0358694
 -0.0372181
 -0.0386175
 -0.0400695
 -0.0415762
 -0.0431394
 -0.0447615
 -0.0464446
 -0.0481909
 -0.0500029
  -0.051883
 -0.0538339
 -0.0558581
 -0.0579584
 -0.0601377
 -0.0622736
 -0.0643644
 -0.0664086
 -0.0684042
 -0.0703496
 -0.0722428
 -0.0740818
 -0.0758647
 -0.0775893
 -0.0792533
 -0.0808546
 -0.0823908
 -0.0838594
 -0.0852579
 -0.0865836
 -0.0878338
 -0.0890058
 -0.0900964
 -0.0911027
 -0.0920215
 -0.0928496
 -0.0935834
 -0.0942195
 -0.0947542
 -0.0951836
 -0.0955038
 -0.0957108
 -0.0958002
 -0.0957676
 -0.0956085
 -0.0954433
  -0.095272
 -0.0950942
 -0.0949097
 -0.0947183
 -0.0945197
 -0.0943137
 -0.0940998
  -0.093878
 -0.0936478
 -0.0934089
 -0.0931611
 -0.0929039
 -0.0926371
 -0.0923603
  -0.092073
 -0.0917749
 -0.0914657
 -0.0911447
 -0.0908118
 -0.0904663
 -0.0901078
 -0.0897358
 -0.0893499
 -0.0889494
 -0.0885339
 -0.0881028
 -0.0876554
 -0.0871912
 -0.0867096
 -0.0862098
 -0.0856913
 -0.0851533
  -0.084595
 -0.0840158
 -0.0834147
 -0.0827911
  -0.082144
 -0.0814726
 -0.0807759
 -0.0800531
  -0.079303
 -0.0785248
 -0.0777173
 -0.0768794
   -0.07601
  -0.075108
  -0.074172
 -0.0732008
 -0.0721931
 -0.0711475
 -0.0700626
 -0.0689369
 -0.0677689
 -0.0665569
 -0.0652994
 -0.0639946
 -0.0626407
  -0.061236
 -0.0597784
  -0.058266
 -0.0566967
 -0.0550684
 -0.0533789
 -0.0516259
 -0.0498069
 -0.0479196
 -0.0459612
 -0.0439293
 -0.0418209
 -0.0396333
 -0.0373634
 -0.0350082
 -0.0325643
 -0.0300286
 -0.0273976
 -0.0246676
  -0.021835
 -0.0188959
 -0.0158462
 -0.0126819
-0.00939854
-0.00599177
-0.00245689
  0.0012109
 0.00501661
 0.00896542
  0.0130627
  0.0173141
  0.0217253
  0.0260517
  0.0302901
  0.0344372
  0.0384896
  0.0424436
  0.0462957
  0.0500419
  0.0536783
  0.0572008
   0.060605
  0.0638866
  0.0670409
  0.0700631
  0.0729483
  0.0756913
  0.0782867
  0.0807291
  0.0830126
  0.0851313
   0.087079
  0.0888493
  0.0904354
  0.0918305
  0.0930274
  0.0940186
  0.0947964
  0.0953528
  0.0956794
  0.0957676
  0.0956085
  0.0954433
   0.095272
  0.0950942
  0.0949097
  0.0947183
  0.0945197
  0.0943137
  0.0940998
   0.093878
  0.0936478
  0.0934089
  0.0931611
  0.0929039
  0.0926371
  0.0923603
   0.092073
  0.0917749
  0.0914657
  0.0911447
  0.0908118
  0.0904663
  0.0901078
  0.0897358
  0.0893499
  0.0889494
  0.0885339
  0.0881028
  0.0876554
  0.0871912
  0.0867096
  0.0862098
  0.0856913
  0.0851533
   0.084595
  0.0840158
  0.0834147
  0.0827911
   0.082144
  0.0814726
  0.0807759
  0.0800531
   0.079303
  0.0785248
  0.0777173
  0.0768794
    0.07601
   0.075108
   0.074172
  0.0732008
  0.0721931
  0.0711475
  0.0700626
  0.0689369
  0.0677689
  0.0665569
  0.0652994
  0.0639946
  0.0626407
   0.061236
  0.0597784
   0.058266
  0.0566967
  0.0550684
  0.0533789
  0.0516259
  0.0498069
  0.0479196
  0.0459612
  0.0439293
  0.0418209
  0.0396333
  0.0373634
  0.0350082
  0.0325643
  0.0300286
  0.0273976
  0.0246676
   0.021835
  0.0188959
  0.0158462
  0.0126819
 0.00939854
 0.00599177
 0.00245689
 -0.0012109
-0.00501661
-0.00896542
 -0.0130627
 -0.0173141
 -0.0217253
 -0.0260517
 -0.0302901
 -0.0344372
 -0.0384896
 -0.0424436
 -0.0462957
 -0.0500419
 -0.0536783
 -0.0572008
  -0.060605
 -0.0638866
 -0.0670409
 -0.0700631
 -0.0729483
 -0.0756913
 -0.0782867
 -0.0807291
 -0.0830126
 -0.0851313
  -0.087079
 -0.0888493
 -0.0904354
 -0.0918305
 -0.0930274
 -0.0940186
 -0.0947964
 -0.0953528
 -0.0956794
 -0.0957676
 -0.0956085
 -0.0954433
  -0.095272
 -0.0950942
 -0.0949097
 -0.0947183
 -0.0945197
 -0.0943137
 -0.0940998
  -0.093878
 -0.0936478
 -0.0934089
 -0.0931611
 -0.0929039
 -0.0926371
 -0.0923603
  -0.092073
 -0.0917749
 -0.0914657
 -0.0911447
 -0.0908118
 -0.0904663
 -0.0901078
 -0.0897358
 -0.0893499
 -0.0889494
 -0.0885339
 -0.0881028
 -0.0876554
 -0.0871912
 -0.0867096
 -0.0862098
 -0.0856913
 -0.0851533
  -0.084595
 -0.0840158
 -0.0834147
 -0.0827911
  -0.082144
 -0.0814726
 -0.0807759
 -0.0800531
  -0.079303
 -0.0785248
 -0.0777173
 -0.0768794
   -0.07601
  -0.075108
  -0.074172
 -0.0732008
 -0.0721931
 -0.0711475
 -0.0700626
 -0.0689369
 -0.0677689
 -0.0665569
 -0.0652994
 -0.0639946
 -0.0626407
  -0.061236
 -0.0597784
  -0.058266
 -0.0566967
 -0.0550684
 -0.0533789
 -0.0516259
 -0.0498069
 -0.0479196
 -0.0459612
 -0.0439293
 -0.0418209
 -0.0396333
 -0.0373634
 -0.0350082
 -0.0325643
 -0.0300286
 -0.0273976
 -0.0246676
  -0.021835
 -0.0188959
 -0.0158462
 -0.0126819
-0.00939854
-0.00599177
-0.00245689
  0.0012109
 0.00501661
 0.00896542
  0.0130627
  0.0173141
  0.0217253
  0.0260517
  0.0302901
  0.0344372
  0.0384896
  0.0424436
  0.0462957
  0.0500419
  0.0536783
  0.0572008
   0.060605
  0.0638866
  0.0670409
  0.0700631
  0.0729483
  0.0756913
  0.0782867
  0.0807291
  0.0830126
  0.0851313
   0.087079
  0.0888493
  0.0904354
  0.0918305
  0.0930274
  0.0940186
  0.0947964
  0.0953528
  0.0956794
  0.0957676
  0.0956085
  0.0954433
   0.095272
  0.0950942
  0.0949097
  0.0947183
  0.0945197
  0.0943137
  0.0940998
   0.093878
  0.0936478
  0.0934089
  0.0931611
  0.0929039
  0.0926371
  0.0923603
   0.092073
  0.0917749
  0.0914657
  0.0911447
  0.0908118
  0.0904663
  0.0901078
  0.0897358
  0.0893499
  0.0889494
  0.0885339
  0.0881028
  0.0876554
  0.0871912
  0.0867096
  0.0862098
  0.0856913
  0.0851533
   0.084595
  0.0840158
  0.0834147
  0.0827911
   0.082144
  0.0814726
  0.0807759
  0.0800531
   0.079303
  0.0785248
  0.0777173
  0.0768794
    0.07601
   0.075108
   0.074172
  0.0732008
  0.0721931
  0.0711475
  0.0700626
  0.0689369
  0.0677689
  0.0665569
  0.0652994
  0.0639946
  0.0626407
   0.061236
  0.0597784
   0.058266
  0.0566967
  0.0550684
  0.0533789
  0.0516259
  0.0498069
  0.0479196
  0.0459612
  0.0439293
  0.0418209
  0.0396333
  0.0373634
  0.0350082
  0.0325643
  0.0300286
  0.0273976
  0.0246676
   0.021835
  0.0188959
  0.0158462
  0.0126819
 0.00939854
 0.00599177
 0.00245689
 -0.0012109
-0.00501661
-0.00896542
 -0.0130627
 -0.0173141
 -0.0217253
 -0.0260517
 -0.0302901
 -0.0344372
 -0.0384896
 -0.0424436
 -0.0462957
 -0.0500419
 -0.0536783
 -0.0572008
  -0.060605
 -0.0638866
 -0.0670409
 -0.0700631
 -0.0729483
 -0.0756913
 -0.0782867
 -0.0807291
 -0.0830126
 -0.0851313
  -0.087079
 -0.0888493
 -0.0904354
 -0.0918305
 -0.0930274
 -0.0940186
 -0.0947964
 -0.0953528
 -0.0956794
 -0.0957676
 -0.0956085
 -0.0954433
  -0.095272
 -0.0950942
 -0.0949097
 -0.0947183
 -0.0945197
 -0.0943137
 -0.0940998
  -0.093878
 -0.0936478
 -0.0934089
 -0.0931611
 -0.0929039
 -0.0926371
 -0.0923603
  -0.092073
 -0.0917749
 -0.0914657
 -0.0911447
 -0.0908118
 -0.0904663
 -0.0901078
 -0.0897358
 -0.0893499
 -0.0889494
 -0.0885339
 -0.0881028
 -0.0876554
 -0.0871912
 -0.0867096
 -0.0862098
 -0.0856913
 -0.0851533
  -0.084595
 -0.0840158
 -0.0834147
 -0.0827911
  -0.082144
 -0.0814726
 -0.0807759
 -0.0800531
  -0.079303
 -0.0785248
 -0.0777173
 -0.0768794
   -0.07601
  -0.075108
  -0.074172
 -0.0732008
 -0.0721931
 -0.0711475
 -0.0700626
 -0.0689369
 -0.0677689
 -0.0665569
 -0.0652994
 -0.0639946
 -0.0626407
  -0.061236
 -0.0597784
  -0.058266
 -0.0566967
 -0.0550684
 -0.0533789
 -0.0516259
 -0.0498069
 -0.0479196
 -0.0459612
 -0.0439293
 -0.0418209
 -0.0396333
 -0.0373634
 -0.0350082
 -0.0325643
 -0.0300286
 -0.0273976
 -0.0246676
  -0.021835
 -0.0188959
 -0.0158462
 -0.0126819
-0.00939854
-0.00599177
-0.00245689
  0.0012109
 0.00501661
 0.00896542
  0.0130627
  0.0173141
  0.0217253
  0.0260517
  0.0302901
  0.0344372
  0.0384896
  0.0424436
  0.0462957
  0.0500419
  0.0536783
  0.0572008
   0.060605
  0.0638866
  0.0670409
  0.0700631
  0.0729483
  0.0756913
  0.0782867
  0.0807291
  0.0830126
  0.0851313
   0.087079
  0.0888493
  0.0904354
  0.0918305
  0.0930274
  0.0940186
  0.0947964
  0.0953528
  0.0956794
  0.0957676
  0.0956085
  0.0954433
   0.095272
  0.0950942
  0.0949097
  0.0947183
  0.0945197
  0.0943137
  0.0940998
   0.093878
  0.0936478
  0.0934089
  0.0931611
  0.0929039
  0.0926371
  0.0923603
   0.092073
  0.0917749
  0.0914657
  0.0911447
  0.0908118
  0.0904663
  0.0901078
  0.0897358
  0.0893499
  0.0889494
  0.0885339
  0.0881028
  0.0876554
  0.0871912
  0.0867096
  0.0862098
  0.0856913
  0.0851533
   0.084595
  0.0840158
  0.0834147
  0.0827911
   0.082144
  0.0814726
  0.0807759
  0.0800531
   0.079303
  0.0785248
  0.0777173
  0.0768794
    0.07601
   0.075108
   0.074172
  0.0732008
  0.0721931
  0.0711475
  0.0700626
  0.0689369
  0.0677689
  0.0665569
  0.0652994
  0.0639946
  0.0626407
   0.061236
  0.0597784
   0.058266
  0.0566967
  0.0550684
  0.0533789
  0.0516259
  0.0498069
  0.0479196
  0.0459612
  0.0439293
  0.0418209
  0.0396333
  0.0373634
  0.0350082
  0.0325643
  0.0300286
  0.0273976
  0.0246676
   0.021835
  0.0188959
  0.0158462
  0.0126819
 0.00939854
 0.00599177
 0.00245689
 -0.0012109
-0.00501661
-0.00896542
 -0.0130627
 -0.0173141
 -0.0217253
 -0.0260517
 -0.0302901
 -0.0344372
 -0.0384896
 -0.0424436
 -0.0462957
 -0.0500419
 -0.0536783
 -0.0572008
  -0.060605
 -0.0638866
 -0.0670409
 -0.0700631
 -0.0729483
 -0.0756913
 -0.0782867
 -0.0807291
 -0.0830126
 -0.0851313
  -0.087079
 -0.0888493
 -0.0904354
 -0.0918305
 -0.0930274
 -0.0940186
 -0.0947964
 -0.0953528
 -0.0956794
 -0.0957676
 -0.0956085
 -0.0954433
  -0.095272
 -0.0950942
 -0.0949097
 -0.0947183
 -0.0945197
 -0.0943137
 -0.0940998
  -0.093878
 -0.0936478
 -0.0934089
 -0.0931611
 -0.0929039
 -0.0926371
 -0.0923603
  -0.092073
 -0.0917749
 -0.0914657
 -0.0911447
 -0.0908118
 -0.0904663
 -0.0901078
 -0.0897358
 -0.0893499
 -0.0889494
 -0.0885339
 -0.0881028
 -0.0876554
 -0.0871912
 -0.0867096
 -0.0862098
 -0.0856913
 -0.0851533
  -0.084595
 -0.0840158
 -0.0834147
 -0.0827911
  -0.082144
 -0.0814726
 -0.0807759
 -0.0800531
  -0.079303
 -0.0785248
 -0.0777173
 -0.0768794
   -0.07601
  -0.075108
  -0.074172
 -0.0732008
 -0.0721931
 -0.0711475
 -0.0700626
 -0.0689369
 -0.0677689
 -0.0665569
 -0.0652994
 -0.0639946
 -0.0626407
  -0.061236
 -0.0597784
  -0.058266
 -0.0566967
 -0.0550684
 -0.0533789
 -0.0516259
 -0.0498069
 -0.0479196
 -0.0459612
 -0.0439293
 -0.0418209
 -0.0396333
 -0.0373634
 -0.0350082
 -0.0325643
 -0.0300286
 -0.0273976
 -0.0246676
  -0.021835
 -0.0188959
 -0.0158462
 -0.0126819
-0.00939854
-0.00599177
-0.00245689
  0.0012109
 0.00501661
 0.00896542
  0.0130627
  0.0173141
  0.0217253
  0.0260517
  0.0302901
  0.0344372
  0.0384896
  0.0424436
  0.0462957
  0.0500419
  0.0536783
  0.0572008
   0.060605
  0.0638866
  0.0670409
  0.0700631
  0.0729483
  0.0756913
  0.0782867
  0.0807291
  0.0830126
  0.0851313
   0.087079
  0.0888493
  0.0904354
  0.0918305
  0.0930274
  0.0940186
  0.0947964
  0.0953528
  0.0956794
  0.0957676
  0.0956085
  0.0954433
   0.095272
  0.0950942
  0.0949097
  0.0947183
  0.0945197
  0.0943137
  0.0940998
   0.093878
  0.0936478
  0.0934089
  0.0931611
  0.0929039
  0.0926371
  0.0923603
   0.092073
  0.0917749
  0.0914657
  0.0911447
  0.0908118
  0.0904663
  0.0901078
  0.0897358
  0.0893499
  0.0889494
  0.0885339
  0.0881028
  0.0876554
  0.0871912
  0.0867096
  0.0862098
  0.0856913
  0.0851533
   0.084595
  0.0840158
  0.0834147
  0.0827911
   0.082144
  0.0814726
  0.0807759
  0.0800531
   0.079303
  0.0785248
  0.0777173
  0.0768794
    0.07601
   0.075108
   0.074172
  0.0732008
  0.0721931
  0.0711475
  0.0700626
  0.0689369
  0.0677689
  0.0665569
  0.0652994
  0.0639946
  0.0626407
   0.061236
  0.0597784
   0.058266
  0.0566967
  0.0550684
  0.0533789
  0.0516259
  0.0498069
  0.0479196
  0.0459612
  0.0439293
  0.0418209
  0.0396333
  0.0373634
  0.0350082
  0.0325643
  0.0300286
  0.0273976
  0.0246676
   0.021835
  0.0188959
  0.0158462
  0.0126819
 0.00939854
 0.00599177
 0.00245689
 -0.0012109
-0.00501661
-0.00896542
 -0.0130627
 -0.0173141
 -0.0217253
 -0.0260517
 -0.0302901
 -0.0344372
 -0.0384896
 -0.0424436
 -0.0462957
 -0.0500419
 -0.0536783
 -0.0572008
  -0.060605
 -0.0638866
 -0.0670409
 -0.0700631
 -0.0729483
 -0.0756913
 -0.0782867
 -0.0807291
 -0.0830126
 -0.0851313
  -0.087079
 -0.0888493
 -0.0904354
 -0.0918305
 -0.0930274
 -0.0940186
 -0.0947964
 -0.0953528
 -0.0956794
 -0.0957676
 -0.0956085
 -0.0954433
  -0.095272
 -0.0950942
 -0.0949097
 -0.0947183
 -0.0945197
 -0.0943137
 -0.0940998
  -0.093878
 -0.0936478
 -0.0934089
 -0.0931611
 -0.0929039
 -0.0926371
 -0.0923603
  -0.092073
 -0.0917749
 -0.0914657
 -0.0911447
 -0.0908118
 -0.0904663
 -0.0901078
 -0.0897358
 -0.0893499
 -0.0889494
 -0.0885339
 -0.0881028
 -0.0876554
 -0.0871912
 -0.0867096
 -0.0862098
 -0.0856913
 -0.0851533
  -0.084595
 -0.0840158
 -0.0834147
 -0.0827911
  -0.082144
 -0.0814726
 -0.0807759
 -0.0800531
  -0.079303
 -0.0785248
 -0.0777173
 -0.0768794
   -0.07601
  -0.075108
  -0.074172
 -0.0732008
 -0.0721931
 -0.0711475
 -0.0700626
 -0.0689369
 -0.0677689
 -0.0665569
 -0.0652994
 -0.0639946
 -0.0626407
  -0.061236
 -0.0597784
  -0.058266
 -0.0566967
 -0.0550684
 -0.0533789
 -0.0516259
 -0.0498069
 -0.0479196
 -0.0459612
 -0.0439293
 -0.0418209
 -0.0396333
 -0.0373634
 -0.0350082
 -0.0325643
 -0.0300286
 -0.0273976
 -0.0246676
  -0.021835
 -0.0188959
 -0.0158462
 -0.0126819
-0.00939854
-0.00599177
-0.00245689
  0.0012109
 0.00501661
 0.00896542
  0.0130627
  0.0173141
  0.0217253
  0.0260517
  0.0302901
  0.0344372
  0.0384896
  0.0424436
  0.0462957
  0.0500419
  0.0536783
  0.0572008
   0.060605
  0.0638866
  0.0670409
  0.0700631
  0.0729483
  0.0756913
  0.0782867
  0.0807291
  0.0830126
  0.0851313
   0.087079
  0.0888493
  0.0904354
  0.0918305
  0.0930274
  0.0940186
  0.0947964
  0.0953528
  0.0956794
  0.0957676
  0.0956085
  0.0954433
   0.095272
  0.0950942
  0.0949097
  0.0947183
  0.0945197
  0.0943137
  0.0940998
   0.093878
  0.0936478
  0.0934089
  0.0931611
  0.0929039
  0.0926371
  0.0923603
   0.092073
  0.0917749
  0.0914657
  0.0911447
  0.0908118
  0.0904663
  0.0901078
  0.0897358
  0.0893499
  0.0889494
  0.0885339
  0.0881028
  0.0876554
  0.0871912
  0.0867096
  0.0862098
  0.0856913
  0.0851533
   0.084595
  0.0840158
  0.0834147
  0.0827911
   0.082144
  0.0814726
  0.0807759
  0.0800531
   0.079303
  0.0785248
  0.0777173
  0.0768794
    0.07601
   0.075108
   0.074172
  0.0732008
  0.0721931
  0.0711475
  0.0700626
  0.0689369
  0.0677689
  0.0665569
  0.0652994
  0.0639946
  0.0626407
   0.061236
  0.0597784
   0.058266
  0.0566967
  0.0550684
  0.0533789
  0.0516259
  0.0498069
  0.0479196
  0.0459612
  0.0439293
  0.0418209
  0.0396333
  0.0373634
  0.0350082
  0.0325643
  0.0300286
  0.0273976
  0.0246676
   0.021835
  0.0188959
  0.0158462
  0.0126819
 0.00939854
 0.00599177
 0.00245689
 -0.0012109
-0.00501661
-0.00896542
 -0.0130627
 -0.0173141
 -0.0217253
 -0.0260517
 -0.0302901
 -0.0344372
 -0.0384896
 -0.0424436
 -0.0462957
 -0.0500419
 -0.0536783
 -0.0572008
  -0.060605
 -0.0638866
 -0.0670409
 -0.0700631
 -0.0729483
 -0.0756913
 -0.0782867
 -0.0807291
 -0.0830126
 -0.0851313
  -0.087079
 -0.0888493
 -0.0904354
 -0.0918305
 -0.0930274
 -0.0940186
 -0.0947964
 -0.0953528
 -0.0956794
 -0.0957676
 -0.0956085
 -0.0954433
  -0.095272
 -0.0950942
 -0.0949097
 -0.0947183
 -0.0945197
 -0.0943137
 -0.0940998
  -0.093878
 -0.0936478
 -0.0934089
 -0.0931611
 -0.0929039
 -0.0926371
 -0.0923603
  -0.092073
 -0.0917749
 -0.0914657
 -0.0911447
 -0.0908118
 -0.0904663
 -0.0901078
 -0.0897358
 -0.0893499
 -0.0889494
 -0.0885339
 -0.0881028
 -0.0876554
 -0.0871912
 -0.0867096
 -0.0862098
 -0.0856913
 -0.0851533
  -0.084595
 -0.0840158
 -0.0834147
 -0.0827911
  -0.082144
 -0.0814726
 -0.0807759
 -0.0800531
  -0.079303
 -0.0785248
 -0.0777173
 -0.0768794
   -0.07601
  -0.075108
  -0.074172
 -0.0732008
 -0.0721931
 -0.0711475
 -0.0700626
 -0.0689369
 -0.0677689
 -0.0665569
 -0.0652994
 -0.0639946
 -0.0626407
  -0.061236
 -0.0597784
  -0.058266
 -0.0566967
 -0.0550684
 -0.0533789
 -0.0516259
 -0.0498069
 -0.0479196
 -0.0459612
 -0.0439293
 -0.0418209
 -0.0396333
 -0.0373634
 -0.0350082
 -0.0325643
 -0.0300286
 -0.0273976
 -0.0246676
  -0.021835
 -0.0188959
 -0.0158462
 -0.0126819
-0.00939854
-0.00599177
-0.00245689
  0.0012109
 0.00501661
 0.00896542
  0.0130627
  0.0173141
  0.0217253
  0.0260517
  0.0302901
  0.0344372
  0.0384896
  0.0424436
  0.0462957
  0.0500419
  0.0536783
  0.0572008
   0.060605
  0.0638866
  0.0670409
  0.0700631
  0.0729483
  0.0756913
  0.0782867
  0.0807291
  0.0830126
  0.0851313
   0.087079
  0.0888493
  0.0904354
  0.0918305
  0.0930274
  0.0940186
  0.0947964
  0.0953528
  0.0956794
  0.0957676
  0.0956085
  0.0954433
   0.095272
  0.0950942
  0.0949097
  0.0947183
  0.0945197
  0.0943137
  0.0940998
   0.093878
  0.0936478
  0.0934089
  0.0931611
  0.0929039
  0.0926371
  0.0923603
   0.092073
  0.0917749
  0.0914657
  0.0911447
  0.0908118
  0.0904663
  0.0901078
  0.0897358
  0.0893499
  0.0889494
  0.0885339
  0.0881028
  0.0876554
  0.0871912
  0.0867096
  0.0862098
  0.0856913
  0.0851533
   0.084595
  0.0840158
  0.0834147
  0.0827911
   0.082144
  0.0814726
  0.0807759
  0.0800531
   0.079303
  0.0785248
  0.0777173
  0.0768794
    0.07601
   0.075108
   0.074172
  0.0732008
  0.0721931
  0.0711475
  0.0700626
  0.0689369
  0.0677689
  0.0665569
  0.0652994
  0.0639946
  0.0626407
   0.061236
  0.0597784
   0.058266
  0.0566967
  0.0550684
  0.0533789
  0.0516259
  0.0498069
  0.0479196
  0.0459612
  0.0439293
  0.0418209
  0.0396333
  0.0373634
  0.0350082
  0.0325643
  0.0300286
  0.0273976
  0.0246676
   0.021835
  0.0188959
  0.0158462
  0.0126819
 0.00939854
 0.00599177
 0.00245689
 -0.0012109
-0.00501661
-0.00896542
 -0.0130627
 -0.0173141
 -0.0217253
 -0.0260517
 -0.0302901
 -0.0344372
 -0.0384896
 -0.0424436
 -0.0462957
 -0.0500419
 -0.0536783
 -0.0572008
  -0.060605
 -0.0638866
 -0.0670409
 -0.0700631
 -0.0729483
 -0.0756913
 -0.0782867
 -0.0807291
 -0.0830126
 -0.0851313
  -0.087079
 -0.0888493
 -0.0904354
 -0.0918305
 -0.0930274
 -0.0940186
 -0.0947964
 -0.0953528
 -0.0956794
 -0.0957676
 -0.0956085
 -0.0954433
  -0.095272
 -0.0950942
 -0.0949097
 -0.0947183
 -0.0945197
 -0.0943137
 -0.0940998
  -0.093878
 -0.0936478
 -0.0934089
 -0.0931611
 -0.0929039
 -0.0926371
 -0.0923603
  -0.092073
 -0.0917749
 -0.0914657
 -0.0911447
 -0.0908118
 -0.0904663
 -0.0901078
 -0.0897358
 -0.0893499
 -0.0889494
 -0.0885339
 -0.0881028
 -0.0876554
 -0.0871912
 -0.0867096
 -0.0862098
 -0.0856913
 -0.0851533
  -0.084595
 -0.0840158
 -0.0834147
 -0.0827911
  -0.082144
 -0.0814726
 -0.0807759
 -0.0800531
  -0.079303
 -0.0785248
 -0.0777173
 -0.0768794
   -0.07601
  -0.075108
  -0.074172
 -0.0732008
 -0.0721931
 -0.0711475
 -0.0700626
 -0.0689369
 -0.0677689
 -0.0665569
 -0.0652994
 -0.0639946
 -0.0626407
  -0.061236
 -0.0597784
  -0.058266
 -0.0566967
 -0.0550684
 -0.0533789
 -0.0516259
 -0.0498069
 -0.0479196
 -0.0459612
 -0.0439293
 -0.0418209
 -0.0396333
 -0.0373634
 -0.0350082
 -0.0325643
 -0.0300286
 -0.0273976
 -0.0246676
  -0.021835
 -0.0188959
 -0.0158462
 -0.0126819
-0.00939854
-0.00599177
-0.00245689
  0.0012109
 0.00501661
 0.00896542
  0.0130627
  0.0173141
  0.0217253
  0.0260517
  0.0302901
  0.0344372
  0.0384896
  0.0424436
  0.0462957
  0.0500419
  0.0536783
  0.0572008
   0.060605
  0.0638866
  0.0670409
  0.0700631
  0.0729483
  0.0756913
  0.0782867
  0.0807291
  0.0830126
  0.0851313
   0.087079
  0.0888493
  0.0904354
  0.0918305
  0.0930274
  0.0940186
  0.0947964
  0.0953528
  0.0956794
  0.0957676
  0.0956085
  0.0954433
   0.095272
  0.0950942
  0.0949097
  0.0947183
  0.0945197
  0.0943137
  0.0940998
   0.093878
  0.0936478
  0.0934089
  0.0931611
  0.0929039
  0.0926371
  0.0923603
   0.092073
  0.0917749
  0.0914657
  0.0911447
  0.0908118
  0.0904663
  0.0901078
  0.0897358
  0.0893499
  0.0889494
  0.0885339
  0.0881028
  0.0876554
  0.0871912
  0.0867096
  0.0862098
  0.0856913
  0.0851533
   0.084595
  0.0840158
  0.0834147
  0.0827911
   0.082144
  0.0814726
  0.0807759
  0.0800531
   0.079303
  0.0785248
  0.0777173
  0.0768794
    0.07601
   0.075108
   0.074172
  0.0732008
  0.0721931
  0.0711475
  0.0700626
  0.0689369
  0.0677689
  0.0665569
  0.0652994
  0.0639946
  0.0626407
   0.061236
  0.0597784
   0.058266
  0.0566967
  0.0550684
  0.0533789
  0.0516259
  0.0498069
  0.0479196
  0.0459612
  0.0439293
  0.0418209
  0.0396333
  0.0373634
  0.0350082
  0.0325643
  0.0300286
  0.0273976
  0.0246676
   0.021835
  0.0188959
  0.0158462
  0.0126819
 0.00939854
 0.00599177
 0.00245689
 -0.0012109
-0.00501661
-0.00896542
 -0.0130627
 -0.0173141
 -0.0217253
 -0.0260517
 -0.0302901
 -0.0344372
 -0.0384896
 -0.0424436
 -0.0462957
 -0.0500419
 -0.0536783
 -0.0572008
  -0.060605
 -0.0638866
 -0.0670409
 -0.0700631
 -0.0729483
 -0.0756913
 -0.0782867
 -0.0807291
 -0.0830126
 -0.0851313
  -0.087079
 -0.0888493
 -0.0904354
 -0.0918305
 -0.0930274
 -0.0940186
 -0.0947964
 -0.0953528
 -0.0956794
 -0.0957676
 -0.0956085
 -0.0954433
  -0.095272
 -0.0950942
 -0.0949097
 -0.0947183
 -0.0945197
 -0.0943137
 -0.0940998
  -0.093878
 -0.0936478
 -0.0934089
 -0.0931611
 -0.0929039
 -0.0926371
 -0.0923603
  -0.092073
 -0.0917749
 -0.0914657
 -0.0911447
 -0.0908118
 -0.0904663
 -0.0901078
 -0.0897358
 -0.0893499
 -0.0889494
 -0.0885339
 -0.0881028
 -0.0876554
 -0.0871912
 -0.0867096
 -0.0862098
 -0.0856913
 -0.0851533
  -0.084595
 -0.0840158
 -0.0834147
 -0.0827911
  -0.082144
 -0.0814726
 -0.0807759
 -0.0800531
  -0.079303
 -0.0785248
 -0.0777173
 -0.0768794
   -0.07601
  -0.075108
  -0.074172
 -0.0732008
 -0.0721931
 -0.0711475
 -0.0700626
 -0.0689369
 -0.0677689
 -0.0665569
 -0.0652994
 -0.0639946
 -0.0626407
  -0.061236
 -0.0597784
  -0.058266
 -0.0566967
 -0.0550684
 -0.0533789
 -0.0516259
 -0.0498069
 -0.0479196
 -0.0459612
 -0.0439293
 -0.0418209
 -0.0396333
 -0.0373634
 -0.0350082
 -0.0325643
 -0.0300286
 -0.0273976
 -0.0246676
  -0.021835
 -0.0188959
 -0.0158462
 -0.0126819
-0.00939854
-0.00599177
-0.00245689
  0.0012109
 0.00501661
 0.00896542
  0.0130627
  0.0173141
  0.0217253
  0.0260517
  0.0302901
  0.0344372
  0.0384896
  0.0424436
  0.0462957
  0.0500419
  0.0536783
  0.0572008
   0.060605
  0.0638866
  0.0670409
  0.0700631
  0.0729483
  0.0756913
  0.0782867
  0.0807291
  0.0830126
  0.0851313
   0.087079
  0.0888493
  0.0904354
  0.0918305
  0.0930274
  0.0940186
  0.0947964
  0.0953528
  0.0956794
  0.0957676
  0.0956085
  0.0954433
   0.095272
  0.0950942
  0.0949097
  0.0947183
  0.0945197
  0.0943137
  0.0940998
   0.093878
  0.0936478
  0.0934089
  0.0931611
  0.0929039
  0.0926371
  0.0923603
   0.092073
  0.0917749
  0.0914657
  0.0911447
  0.0908118
  0.0904663
  0.0901078
  0.0897358
  0.0893499
  0.0889494
  0.0885339
  0.0881028
  0.0876554
  0.0871912
  0.0867096
  0.0862098
  0.0856913
  0.0851533
   0.084595
  0.0840158
  0.0834147
  0.0827911
   0.082144
  0.0814726
  0.0807759
  0.0800531
   0.079303
  0.0785248
  0.0777173
  0.0768794
    0.07601
   0.075108
   0.074172
  0.0732008
  0.0721931
  0.0711475
  0.0700626
  0.0689369
  0.0677689
  0.0665569
  0.0652994
  0.0639946
  0.0626407
   0.061236
  0.0597784
   0.058266
  0.0566967
  0.0550684
  0.0533789
  0.0516259
  0.0498069
  0.0479196
  0.0459612
  0.0439293
  0.0418209
  0.0396333
  0.0373634
  0.0350082
  0.0325643
  0.0300286
  0.0273976
  0.0246676
   0.021835
  0.0188959
  0.0158462
  0.0126819
 0.00939854
 0.00599177
 0.00245689
 -0.0012109
-0.00501661
-0.00896542
 -0.0130627
 -0.0173141
 -0.0217253
 -0.0260517
 -0.0302901
 -0.0344372
 -0.0384896
 -0.0424436
 -0.0462957
 -0.0500419
 -0.0536783
 -0.0572008
  -0.060605
 -0.0638866
 -0.0670409
 -0.0700631
 -0.0729483
 -0.0756913
 -0.0782867
 -0.0807291
 -0.0830126
 -0.0851313
  -0.087079
 -0.0888493
 -0.0904354
 -0.0918305
 -0.0930274
 -0.0940186
 -0.0947964
 -0.0953528
 -0.0956794
 -0.0957676
 -0.0956085
 -0.0954433
  -0.095272
 -0.0950942
 -0.0949097
 -0.0947183
 -0.0945197
 -0.0943137
 -0.0940999
  -0.093878
 -0.0936478
 -0.0934089
 -0.0931611
  -0.092904
 -0.0926371
 -0.0923603
  -0.092073
 -0.0917749
 -0.0914657
 -0.0911448
 -0.0908118
 -0.0904663
 -0.0901078
 -0.0897358
 -0.0893499
 -0.0889494
 -0.0885339
 -0.0881028
 -0.0876554
 -0.0871912
 -0.0867096
 -0.0862099
 -0.0856913
 -0.0851533
  -0.084595
 -0.0840158
 -0.0834147
 -0.0827911
  -0.082144
 -0.0814726
 -0.0807759
 -0.0800531
  -0.079303
 -0.0785248
 -0.0777173
 -0.0768794
   -0.07601
  -0.075108
  -0.074172
 -0.0732008
 -0.0721931
 -0.0711475
 -0.0700626
 -0.0689369
 -0.0677689
  -0.066557
 -0.0652994
 -0.0639946
 -0.0626408
  -0.061236
 -0.0597784
  -0.058266
 -0.0566967
 -0.0550685
 -0.0533789
 -0.0516259
  -0.049807
 -0.0479196
 -0.0459613
 -0.0439293
  -0.041821
 -0.0396334
 -0.0373635
 -0.0350082
 -0.0325644
 -0.0300287
 -0.0273977
 -0.0246677
 -0.0218351
 -0.0188959
 -0.0158463
 -0.0126819
-0.00939863
-0.00599186
-0.00245699
  0.0012108
 0.00501651
 0.00896531
  0.0130626
   0.017314
  0.0217252
  0.0260516
    0.03029
  0.0344371
  0.0384894
  0.0424435
  0.0462955
  0.0500418
  0.0536782
  0.0572006
  0.0606049
  0.0638864
  0.0670407
  0.0700629
  0.0729481
  0.0756911
  0.0782865
  0.0807289
  0.0830124
  0.0851311
  0.0870788
   0.088849
  0.0904351
  0.0918302
  0.0930271
  0.0940183
  0.0947961
  0.0953524
   0.095679
  0.0957673
  0.0956081
   0.095443
  0.0952716
  0.0950938
  0.0949093
  0.0947179
  0.0945193
  0.0943132
  0.0940994
  0.0938775
  0.0936473
  0.0934084
  0.0931605
  0.0929034
  0.0926365
  0.0923596
  0.0920724
  0.0917743
   0.091465
   0.091144
   0.090811
  0.0904655
   0.090107
   0.089735
   0.089349
  0.0889485
   0.088533
  0.0881018
  0.0876544
  0.0871902
  0.0867085
  0.0862087
  0.0856901
  0.0851521
  0.0845938
  0.0840144
  0.0834134
  0.0827897
  0.0821425
  0.0814711
  0.0807743
  0.0800514
  0.0793013
   0.078523
  0.0777154
  0.0768775
  0.0760081
  0.0751059
  0.0741699
  0.0731986
  0.0721908
  0.0711451
  0.0700602
  0.0689344
  0.0677662
  0.0665542
  0.0652966
  0.0639917
  0.0626377
  0.0612328
  0.0597751
  0.0582626
  0.0566931
  0.0550647
  0.0533751
  0.0516219
  0.0498028
  0.0479153
  0.0459568
  0.0439247
  0.0418162
  0.0396284
  0.0373583
  0.0350028
  0.0325588
  0.0300229
  0.0273917
  0.0246615
  0.0218286
  0.0188892
  0.0158393
  0.0126747
 0.00939114
 0.00598409
 0.00244892
-0.00121917
-0.00502519
-0.00897433
  -0.013072
 -0.0173237
 -0.0217352
  -0.026062
 -0.0303008
 -0.0344483
 -0.0385011
 -0.0424556
 -0.0463081
 -0.0500548
 -0.0536917
 -0.0572147
 -0.0606194
 -0.0639015
 -0.0670564
 -0.0700792
  -0.072965
 -0.0757086
 -0.0783047
 -0.0807477
 -0.0830319
 -0.0851514
 -0.0870998
 -0.0888709
 -0.0904578
 -0.0918538
 -0.0930515
 -0.0940436
 -0.0948224
 -0.0953797
 -0.0957074
 -0.0957966
 -0.0956386
 -0.0954746
 -0.0953044
 -0.0951278
 -0.0949446
 -0.0947545
 -0.0945573
 -0.0943527
 -0.0941403
   -0.09392
 -0.0936913
 -0.0934541
  -0.093208
 -0.0929526
 -0.0926876
 -0.0924126
 -0.0921274
 -0.0918313
 -0.0915242
 -0.0912055
 -0.0908748
 -0.0905316
 -0.0901756
 -0.0898062
 -0.0894229
 -0.0890252
 -0.0886125
 -0.0881843
   -0.08774
  -0.087279
 -0.0868007
 -0.0863044
 -0.0857894
 -0.0852551
 -0.0847006
 -0.0841253
 -0.0835284
 -0.0829091
 -0.0822664
 -0.0815996
 -0.0809077
 -0.0801898
 -0.0794449
  -0.078672
   -0.07787
 -0.0770379
 -0.0761745
 -0.0752786
 -0.0743491
 -0.0733845
 -0.0723837
 -0.0713453
 -0.0702679
 -0.0691499
 -0.0679899
 -0.0667862
 -0.0655373
 -0.0642415
 -0.0628969
 -0.0615017
 -0.0600541
 -0.0585521
 -0.0569936
 -0.0553765
 -0.0536986
 -0.0519575
 -0.0501511
 -0.0482766
 -0.0463318
 -0.0443137
 -0.0422198
 -0.0400472
 -0.0377929
 -0.0354538
 -0.0330267
 -0.0305084
 -0.0278954
 -0.0251841
 -0.0223709
 -0.0194519
 -0.0164232
 -0.0132805
 -0.0100197
-0.00663633
-0.00312569
0.000516957
 0.00429657
 0.00821831
  0.0122875
  0.0165097
  0.0208907
  0.0251857
  0.0293916
  0.0335049
  0.0375222
  0.0414399
  0.0452542
  0.0489612
   0.052557
  0.0560373
  0.0593978
   0.062634
  0.0657412
  0.0687145
   0.071549
  0.0742394
  0.0767802
  0.0791659
  0.0813907
  0.0834484
  0.0853328
  0.0870374
  0.0885554
  0.0898798
  0.0910034
  0.0919185
  0.0926173
  0.0930917
  0.0933333
