  -0.0155023
  -0.0155023
  -0.0155023
  -0.0155023
  -0.0155023
  -0.0155023
  -0.0155023
  -0.0155023
  -0.0155023
  -0.0155023
  -0.0155023
  -0.0155023
  -0.0155023
  -0.0155023
  -0.0155023
  -0.0155023
  -0.0155023
  -0.0155023
  -0.0155023
  -0.0155023
  -0.0155023
  -0.0155023
  -0.0155023
  -0.0155023
  -0.0155023
  -0.0155023
  -0.0155023
  -0.0155023
  -0.0155023
  -0.0155023
  -0.0155023
  -0.0155023
  -0.0155023
  -0.0155023
  -0.0155023
  -0.0155023
  -0.0155023
  -0.0155023
  -0.0155023
  -0.0155023
  -0.0155023
  -0.0155023
  -0.0155023
  -0.0155023
  -0.0155023
  -0.0155023
  -0.0155023
  -0.0155023
  -0.0155023
  -0.0155023
  -0.0155023
  -0.0155023
  -0.0155023
  -0.0155023
  -0.0155023
  -0.0155023
  -0.0155023
  -0.0155023
  -0.0155023
  -0.0155023
  -0.0155023
  -0.0155023
  -0.0155023
  -0.0155023
  -0.0155023
  -0.0155023
  -0.0155023
  -0.0155023
  -0.0155023
  -0.0155023
  -0.0155023
  -0.0155023
  -0.0155023
  -0.0155023
  -0.0155023
  -0.0155023
  -0.0155023
  -0.0155023
  -0.0155023
  -0.0155023
  -0.0155023
  -0.0155023
  -0.0155023
  -0.0155023
  -0.0155023
  -0.0155023
  -0.0155023
  -0.0155023
  -0.0155023
  -0.0155023
  -0.0155023
  -0.0148356
  -0.0141689
  -0.0135023
  -0.0128356
  -0.0121689
  -0.0115023
  -0.0108356
  -0.0101689
 -0.00950226
 -0.00883559
 -0.00816892
 -0.00750226
 -0.00683559
 -0.00616892
 -0.00550226
 -0.00483559
 -0.00416892
 -0.00350226
 -0.00283559
 -0.00216892
 -0.00150226
-0.000835591
-0.000168924
 0.000497743
  0.00116441
  0.00183108
  0.00249774
  0.00316441
  0.00383108
  0.00449774
  0.00449774
  0.00449774
  0.00449774
  0.00449774
  0.00449774
  0.00449774
  0.00449774
  0.00449774
  0.00449774
  0.00449774
  0.00449774
  0.00449774
  0.00449774
  0.00449774
  0.00449774
  0.00449774
  0.00449774
  0.00449774
  0.00449774
  0.00449774
  0.00449774
  0.00449774
  0.00449774
  0.00449774
  0.00449774
  0.00449774
  0.00449774
  0.00449774
  0.00449774
  0.00449774
  0.00449774
  0.00449774
  0.00449774
  0.00449774
  0.00449774
  0.00449774
  0.00449774
  0.00449774
  0.00449774
  0.00449774
  0.00449774
  0.00449774
  0.00449774
  0.00449774
  0.00449774
  0.00449774
  0.00449774
  0.00449774
  0.00449774
  0.00449774
  0.00449774
  0.00449774
  0.00449774
  0.00449774
  0.00449774
  0.00449774
  0.00449774
  0.00449774
  0.00449774
  0.00449774
  0.00449774
  0.00449774
  0.00449774
  0.00449774
  0.00449774
  0.00449774
  0.00449774
  0.00449774
  0.00449774
  0.00449774
  0.00449774
  0.00449774
  0.00449774
  0.00449774
  0.00449774
  0.00449774
  0.00449774
  0.00449774
  0.00449774
  0.00449774
  0.00449774
  0.00449774
  0.00449774
  0.00449774
  0.00449774
  0.00449774
  0.00449774
  0.00449774
  0.00449774
  0.00449774
   0.0124977
   0.0204977
   0.0284977
   0.0364977
   0.0444977
   0.0524977
   0.0604977
   0.0684977
   0.0764977
   0.0844977
   0.0924977
    0.100498
    0.108498
    0.116498
    0.124498
    0.132498
    0.140498
    0.148498
    0.156498
    0.164498
    0.172498
    0.180498
    0.188498
    0.196498
    0.204498
    0.212498
    0.220498
    0.228498
    0.236498
    0.244498
    0.244498
    0.244498
    0.244498
    0.244498
    0.244498
    0.244498
    0.244498
    0.244498
    0.244498
    0.244498
    0.244498
    0.244498
    0.244498
    0.244498
    0.244498
    0.244498
    0.244498
    0.244498
    0.244498
    0.244498
    0.244498
    0.244498
    0.244498
    0.244498
    0.244498
    0.244498
    0.244498
    0.244498
    0.244498
    0.244498
    0.244498
    0.244498
    0.244498
    0.244498
    0.244498
    0.244498
    0.244498
    0.244498
    0.244498
    0.244498
    0.244498
    0.244498
    0.244498
    0.244498
    0.244498
    0.244498
    0.244498
    0.244498
    0.244498
    0.244498
    0.244498
    0.244498
    0.244498
    0.244498
    0.244498
    0.244498
    0.244498
    0.244498
    0.244498
    0.244498
    0.244498
    0.244498
    0.244498
    0.244498
    0.244498
    0.244498
    0.244498
    0.244498
    0.244498
    0.244498
    0.244498
    0.244498
    0.244498
    0.244498
    0.244498
    0.244498
    0.244498
    0.244498
    0.244498
    0.244498
    0.244498
    0.244498
    0.244498
    0.244498
    0.244498
    0.244498
    0.244498
    0.244498
    0.244498
    0.244498
    0.252498
    0.260498
    0.268498
    0.276498
    0.284498
    0.292498
    0.300498
    0.308498
    0.316498
    0.324498
    0.332498
    0.340498
    0.348498
    0.356498
    0.364498
    0.372498
    0.380498
    0.388498
    0.396498
    0.404498
    0.412498
    0.420498
    0.428498
    0.436498
    0.444498
    0.452498
    0.460498
    0.468498
    0.476498
    0.484498
    0.484498
    0.484498
    0.484498
    0.484498
    0.484498
    0.484498
    0.484498
    0.484498
    0.484498
    0.484498
    0.484498
    0.484498
    0.484498
    0.484498
    0.484498
    0.484498
    0.484498
    0.484498
    0.484498
    0.484498
    0.484498
    0.484498
    0.484498
    0.484498
    0.484498
    0.484498
    0.484498
    0.484498
    0.484498
    0.484498
    0.484498
    0.484498
    0.484498
    0.484498
    0.484498
    0.484498
    0.484498
    0.484498
    0.484498
    0.484498
    0.484498
    0.484498
    0.484498
    0.484498
    0.484498
    0.484498
    0.484498
    0.484498
    0.484498
    0.484498
    0.484498
    0.484498
    0.484498
    0.484498
    0.484498
    0.484498
    0.484498
    0.484498
    0.484498
    0.484498
    0.484498
    0.484498
    0.484498
    0.484498
    0.484498
    0.484498
    0.484498
    0.484498
    0.484498
    0.484498
    0.484498
    0.484498
    0.484498
    0.484498
    0.484498
    0.484498
    0.484498
    0.484498
    0.484498
    0.484498
    0.484498
    0.484498
    0.484498
    0.484498
    0.484498
    0.484498
    0.484498
    0.484498
    0.484498
    0.484498
    0.492498
    0.500498
    0.508498
    0.516498
    0.524498
    0.532498
    0.540498
    0.548498
    0.556498
    0.564498
    0.572498
    0.580498
    0.588498
    0.596498
    0.604498
    0.612498
    0.620498
    0.628498
    0.636498
    0.644498
    0.652498
    0.660498
    0.668498
    0.676498
    0.684498
    0.692498
    0.700498
    0.708498
    0.716498
    0.724498
    0.724498
    0.724498
    0.724498
    0.724498
    0.724498
    0.724498
    0.724498
    0.724498
    0.724498
    0.724498
    0.724498
    0.724498
    0.724498
    0.724498
    0.724498
    0.724498
    0.724498
    0.724498
    0.724498
    0.724498
    0.724498
    0.724498
    0.724498
    0.724498
    0.724498
    0.724498
    0.724498
    0.724498
    0.724498
    0.724498
    0.724498
    0.724498
    0.724498
    0.724498
    0.724498
    0.724498
    0.724498
    0.724498
    0.724498
    0.724498
    0.724498
    0.724498
    0.724498
    0.724498
    0.724498
    0.724498
    0.724498
    0.724498
    0.724498
    0.724498
    0.724498
    0.724498
    0.724498
    0.724498
    0.724498
    0.724498
    0.724498
    0.724498
    0.724498
    0.724498
    0.724498
    0.724498
    0.724498
    0.724498
    0.724498
    0.724498
    0.724498
    0.724498
    0.724498
    0.724498
    0.724498
    0.724498
    0.724498
    0.724498
    0.724498
    0.724498
    0.724498
    0.724498
    0.724498
    0.724498
    0.724498
    0.724498
    0.724498
    0.724498
    0.724498
    0.724498
    0.724498
    0.724498
    0.724498
    0.724498
    0.732498
    0.740498
    0.748498
    0.756498
    0.764498
    0.772498
    0.780498
    0.788498
    0.796498
    0.804498
    0.812498
    0.820498
    0.828498
    0.836498
    0.844498
    0.852498
    0.860498
    0.868498
    0.876498
    0.884498
    0.892498
    0.900498
    0.908498
    0.916498
    0.924498
    0.932498
    0.940498
    0.948498
    0.956498
    0.964498
    0.964498
    0.964498
    0.964498
    0.964498
    0.964498
    0.964498
    0.964498
    0.964498
    0.964498
    0.964498
    0.964498
    0.964498
    0.964498
    0.964498
    0.964498
    0.964498
    0.964498
    0.964498
    0.964498
    0.964498
    0.964498
    0.964498
    0.964498
    0.964498
    0.964498
    0.964498
    0.964498
    0.964498
    0.964498
    0.964498
    0.964498
    0.964498
    0.964498
    0.964498
    0.964498
    0.964498
    0.964498
    0.964498
    0.964498
    0.964498
    0.964498
    0.964498
    0.964498
    0.964498
    0.964498
    0.964498
    0.964498
    0.964498
    0.964498
    0.964498
    0.964498
    0.964498
    0.964498
    0.964498
    0.964498
    0.964498
    0.964498
    0.964498
    0.964498
    0.964498
    0.964498
    0.964498
    0.964498
    0.964498
    0.964498
    0.964498
    0.964498
    0.964498
    0.964498
    0.964498
    0.964498
    0.964498
    0.964498
    0.964498
    0.964498
    0.964498
    0.964498
    0.964498
    0.964498
    0.964498
    0.964498
    0.964498
    0.964498
    0.964498
    0.964498
    0.964498
    0.964498
    0.964498
    0.964498
    0.964498
    0.972498
    0.980498
    0.988498
    0.996498
      1.0045
      1.0125
      1.0205
      1.0285
      1.0365
      1.0445
      1.0525
      1.0605
      1.0685
      1.0765
      1.0845
      1.0925
      1.1005
      1.1085
      1.1165
      1.1245
      1.1325
      1.1405
      1.1485
      1.1565
      1.1645
      1.1725
      1.1805
      1.1885
      1.1965
      1.2045
      1.2045
      1.2045
      1.2045
      1.2045
      1.2045
      1.2045
      1.2045
      1.2045
      1.2045
      1.2045
      1.2045
      1.2045
      1.2045
      1.2045
      1.2045
      1.2045
      1.2045
      1.2045
      1.2045
      1.2045
      1.2045
      1.2045
      1.2045
      1.2045
      1.2045
      1.2045
      1.2045
      1.2045
      1.2045
      1.2045
      1.2045
      1.2045
      1.2045
      1.2045
      1.2045
      1.2045
      1.2045
      1.2045
      1.2045
      1.2045
      1.2045
      1.2045
      1.2045
      1.2045
      1.2045
      1.2045
      1.2045
      1.2045
      1.2045
      1.2045
      1.2045
      1.2045
      1.2045
      1.2045
      1.2045
      1.2045
      1.2045
      1.2045
      1.2045
      1.2045
      1.2045
      1.2045
      1.2045
      1.2045
      1.2045
      1.2045
      1.2045
      1.2045
      1.2045
      1.2045
      1.2045
      1.2045
      1.2045
      1.2045
      1.2045
      1.2045
      1.2045
      1.2045
      1.2045
      1.2045
      1.2045
      1.2045
      1.2045
      1.2045
      1.2045
      1.2045
      1.2045
      1.2045
      1.2045
      1.2045
      1.2125
      1.2205
      1.2285
      1.2365
      1.2445
      1.2525
      1.2605
      1.2685
      1.2765
      1.2845
      1.2925
      1.3005
      1.3085
      1.3165
      1.3245
      1.3325
      1.3405
      1.3485
      1.3565
      1.3645
      1.3725
      1.3805
      1.3885
      1.3965
      1.4045
      1.4125
      1.4205
      1.4285
      1.4365
      1.4445
      1.4445
      1.4445
      1.4445
      1.4445
      1.4445
      1.4445
      1.4445
      1.4445
      1.4445
      1.4445
      1.4445
      1.4445
      1.4445
      1.4445
      1.4445
      1.4445
      1.4445
      1.4445
      1.4445
      1.4445
      1.4445
      1.4445
      1.4445
      1.4445
      1.4445
      1.4445
      1.4445
      1.4445
      1.4445
      1.4445
      1.4445
      1.4445
      1.4445
      1.4445
      1.4445
      1.4445
      1.4445
      1.4445
      1.4445
      1.4445
      1.4445
      1.4445
      1.4445
      1.4445
      1.4445
      1.4445
      1.4445
      1.4445
      1.4445
      1.4445
      1.4445
      1.4445
      1.4445
      1.4445
      1.4445
      1.4445
      1.4445
      1.4445
      1.4445
      1.4445
      1.4445
      1.4445
      1.4445
      1.4445
      1.4445
      1.4445
      1.4445
      1.4445
      1.4445
      1.4445
      1.4445
      1.4445
      1.4445
      1.4445
      1.4445
      1.4445
      1.4445
      1.4445
      1.4445
      1.4445
      1.4445
      1.4445
      1.4445
      1.4445
      1.4445
      1.4445
      1.4445
      1.4445
      1.4445
      1.4445
      1.4525
      1.4605
      1.4685
      1.4765
      1.4845
      1.4925
      1.5005
      1.5085
      1.5165
      1.5245
      1.5325
      1.5405
      1.5485
      1.5565
      1.5645
      1.5725
      1.5805
      1.5885
      1.5965
      1.6045
      1.6125
      1.6205
      1.6285
      1.6365
      1.6445
      1.6525
      1.6605
      1.6685
      1.6765
      1.6845
      1.6845
      1.6845
      1.6845
      1.6845
      1.6845
      1.6845
      1.6845
      1.6845
      1.6845
      1.6845
      1.6845
      1.6845
      1.6845
      1.6845
      1.6845
      1.6845
      1.6845
      1.6845
      1.6845
      1.6845
      1.6845
      1.6845
      1.6845
      1.6845
      1.6845
      1.6845
      1.6845
      1.6845
      1.6845
      1.6845
      1.6845
      1.6845
      1.6845
      1.6845
      1.6845
      1.6845
      1.6845
      1.6845
      1.6845
      1.6845
      1.6845
      1.6845
      1.6845
      1.6845
      1.6845
      1.6845
      1.6845
      1.6845
      1.6845
      1.6845
      1.6845
      1.6845
      1.6845
      1.6845
      1.6845
      1.6845
      1.6845
      1.6845
      1.6845
      1.6845
      1.6845
      1.6845
      1.6845
      1.6845
      1.6845
      1.6845
      1.6845
      1.6845
      1.6845
      1.6845
      1.6845
      1.6845
      1.6845
      1.6845
      1.6845
      1.6845
      1.6845
      1.6845
      1.6845
      1.6845
      1.6845
      1.6845
      1.6845
      1.6845
      1.6845
      1.6845
      1.6845
      1.6845
      1.6845
      1.6845
      1.6925
      1.7005
      1.7085
      1.7165
      1.7245
      1.7325
      1.7405
      1.7485
      1.7565
      1.7645
      1.7725
      1.7805
      1.7885
      1.7965
      1.8045
      1.8125
      1.8205
      1.8285
      1.8365
      1.8445
      1.8525
      1.8605
      1.8685
      1.8765
      1.8845
      1.8925
      1.9005
      1.9085
      1.9165
      1.9245
      1.9245
      1.9245
      1.9245
      1.9245
      1.9245
      1.9245
      1.9245
      1.9245
      1.9245
      1.9245
      1.9245
      1.9245
      1.9245
      1.9245
      1.9245
      1.9245
      1.9245
      1.9245
      1.9245
      1.9245
      1.9245
      1.9245
      1.9245
      1.9245
      1.9245
      1.9245
      1.9245
      1.9245
      1.9245
      1.9245
      1.9245
      1.9245
      1.9245
      1.9245
      1.9245
      1.9245
      1.9245
      1.9245
      1.9245
      1.9245
      1.9245
      1.9245
      1.9245
      1.9245
      1.9245
      1.9245
      1.9245
      1.9245
      1.9245
      1.9245
      1.9245
      1.9245
      1.9245
      1.9245
      1.9245
      1.9245
      1.9245
      1.9245
      1.9245
      1.9245
      1.9245
      1.9245
      1.9245
      1.9245
      1.9245
      1.9245
      1.9245
      1.9245
      1.9245
      1.9245
      1.9245
      1.9245
      1.9245
      1.9245
      1.9245
      1.9245
      1.9245
      1.9245
      1.9245
      1.9245
      1.9245
      1.9245
      1.9245
      1.9245
      1.9245
      1.9245
      1.9245
      1.9245
      1.9245
      1.9245
      1.9325
      1.9405
      1.9485
      1.9565
      1.9645
      1.9725
      1.9805
      1.9885
      1.9965
      2.0045
      2.0125
      2.0205
      2.0285
      2.0365
      2.0445
      2.0525
      2.0605
      2.0685
      2.0765
      2.0845
      2.0925
      2.1005
      2.1085
      2.1165
      2.1245
      2.1325
      2.1405
      2.1485
      2.1565
      2.1645
      2.1645
      2.1645
      2.1645
      2.1645
      2.1645
      2.1645
      2.1645
      2.1645
      2.1645
      2.1645
      2.1645
      2.1645
      2.1645
      2.1645
      2.1645
      2.1645
      2.1645
      2.1645
      2.1645
      2.1645
      2.1645
      2.1645
      2.1645
      2.1645
      2.1645
      2.1645
      2.1645
      2.1645
      2.1645
      2.1645
      2.1645
      2.1645
      2.1645
      2.1645
      2.1645
      2.1645
      2.1645
      2.1645
      2.1645
      2.1645
      2.1645
      2.1645
      2.1645
      2.1645
      2.1645
      2.1645
      2.1645
      2.1645
      2.1645
      2.1645
      2.1645
      2.1645
      2.1645
      2.1645
      2.1645
      2.1645
      2.1645
      2.1645
      2.1645
      2.1645
      2.1645
      2.1645
      2.1645
      2.1645
      2.1645
      2.1645
      2.1645
      2.1645
      2.1645
      2.1645
      2.1645
      2.1645
      2.1645
      2.1645
      2.1645
      2.1645
      2.1645
      2.1645
      2.1645
      2.1645
      2.1645
      2.1645
      2.1645
      2.1645
      2.1645
      2.1645
      2.1645
      2.1645
      2.1645
      2.1645
      2.1725
      2.1805
      2.1885
      2.1965
      2.2045
      2.2125
      2.2205
      2.2285
      2.2365
      2.2445
      2.2525
      2.2605
      2.2685
      2.2765
      2.2845
      2.2925
      2.3005
      2.3085
      2.3165
      2.3245
      2.3325
      2.3405
      2.3485
      2.3565
      2.3645
      2.3725
      2.3805
      2.3885
      2.3965
      2.4045
      2.4045
      2.4045
      2.4045
      2.4045
      2.4045
      2.4045
      2.4045
      2.4045
      2.4045
      2.4045
      2.4045
      2.4045
      2.4045
      2.4045
      2.4045
      2.4045
      2.4045
      2.4045
      2.4045
      2.4045
      2.4045
      2.4045
      2.4045
      2.4045
      2.4045
      2.4045
      2.4045
      2.4045
      2.4045
      2.4045
      2.4045
      2.4045
      2.4045
      2.4045
      2.4045
      2.4045
      2.4045
      2.4045
      2.4045
      2.4045
      2.4045
      2.4045
      2.4045
      2.4045
      2.4045
      2.4045
      2.4045
      2.4045
      2.4045
      2.4045
      2.4045
      2.4045
      2.4045
      2.4045
      2.4045
      2.4045
      2.4045
      2.4045
      2.4045
      2.4045
      2.4045
      2.4045
      2.4045
      2.4045
      2.4045
      2.4045
      2.4045
      2.4045
      2.4045
      2.4045
      2.4045
      2.4045
      2.4045
      2.4045
      2.4045
      2.4045
      2.4045
      2.4045
      2.4045
      2.4045
      2.4045
      2.4045
      2.4045
      2.4045
      2.4045
      2.4045
      2.4045
      2.4045
      2.4045
      2.4045
      2.4125
      2.4205
      2.4285
      2.4365
      2.4445
      2.4525
      2.4605
      2.4685
      2.4765
      2.4845
      2.4925
      2.5005
      2.5085
      2.5165
      2.5245
      2.5325
      2.5405
      2.5485
      2.5565
      2.5645
      2.5725
      2.5805
      2.5885
      2.5965
      2.6045
      2.6125
      2.6205
      2.6285
      2.6365
      2.6445
      2.6445
      2.6445
      2.6445
      2.6445
      2.6445
      2.6445
      2.6445
      2.6445
      2.6445
      2.6445
      2.6445
      2.6445
      2.6445
      2.6445
      2.6445
      2.6445
      2.6445
      2.6445
      2.6445
      2.6445
      2.6445
      2.6445
      2.6445
      2.6445
      2.6445
      2.6445
      2.6445
      2.6445
      2.6445
      2.6445
      2.6445
      2.6445
      2.6445
      2.6445
      2.6445
      2.6445
      2.6445
      2.6445
      2.6445
      2.6445
      2.6445
      2.6445
      2.6445
      2.6445
      2.6445
      2.6445
      2.6445
      2.6445
      2.6445
      2.6445
      2.6445
      2.6445
      2.6445
      2.6445
      2.6445
      2.6445
      2.6445
      2.6445
      2.6445
      2.6445
      2.6445
      2.6445
      2.6445
      2.6445
      2.6445
      2.6445
      2.6445
      2.6445
      2.6445
      2.6445
      2.6445
      2.6445
      2.6445
      2.6445
      2.6445
      2.6445
      2.6445
      2.6445
      2.6445
      2.6445
      2.6445
      2.6445
      2.6445
      2.6445
      2.6445
      2.6445
      2.6445
      2.6445
      2.6445
      2.6445
      2.6525
      2.6605
      2.6685
      2.6765
      2.6845
      2.6925
      2.7005
      2.7085
      2.7165
      2.7245
      2.7325
      2.7405
      2.7485
      2.7565
      2.7645
      2.7725
      2.7805
      2.7885
      2.7965
      2.8045
      2.8125
      2.8205
      2.8285
      2.8365
      2.8445
      2.8525
      2.8605
      2.8685
      2.8765
      2.8845
      2.8845
      2.8845
      2.8845
      2.8845
      2.8845
      2.8845
      2.8845
      2.8845
      2.8845
      2.8845
      2.8845
      2.8845
      2.8845
      2.8845
      2.8845
      2.8845
      2.8845
      2.8845
      2.8845
      2.8845
      2.8845
      2.8845
      2.8845
      2.8845
      2.8845
      2.8845
      2.8845
      2.8845
      2.8845
      2.8845
      2.8845
      2.8845
      2.8845
      2.8845
      2.8845
      2.8845
      2.8845
      2.8845
      2.8845
      2.8845
      2.8845
      2.8845
      2.8845
      2.8845
      2.8845
      2.8845
      2.8845
      2.8845
      2.8845
      2.8845
      2.8845
      2.8845
      2.8845
      2.8845
      2.8845
      2.8845
      2.8845
      2.8845
      2.8845
      2.8845
      2.8845
      2.8845
      2.8845
      2.8845
      2.8845
      2.8845
      2.8845
      2.8845
      2.8845
      2.8845
      2.8845
      2.8845
      2.8845
      2.8845
      2.8845
      2.8845
      2.8845
      2.8845
      2.8845
      2.8845
      2.8845
      2.8845
      2.8845
      2.8845
      2.8845
      2.8845
      2.8845
      2.8845
      2.8845
      2.8845
      2.8925
      2.9005
      2.9085
      2.9165
      2.9245
      2.9325
      2.9405
      2.9485
      2.9565
      2.9645
      2.9725
      2.9805
      2.9885
      2.9965
      3.0045
      3.0125
      3.0205
      3.0285
      3.0365
      3.0445
      3.0525
      3.0605
      3.0685
      3.0765
      3.0845
      3.0925
      3.1005
      3.1085
      3.1165
      3.1245
      3.1245
      3.1245
      3.1245
      3.1245
      3.1245
      3.1245
      3.1245
      3.1245
      3.1245
      3.1245
      3.1245
      3.1245
      3.1245
      3.1245
      3.1245
      3.1245
      3.1245
      3.1245
      3.1245
      3.1245
      3.1245
      3.1245
      3.1245
      3.1245
      3.1245
      3.1245
      3.1245
      3.1245
      3.1245
      3.1245
      3.1245
      3.1245
      3.1245
      3.1245
      3.1245
      3.1245
      3.1245
      3.1245
      3.1245
      3.1245
      3.1245
      3.1245
      3.1245
      3.1245
      3.1245
      3.1245
      3.1245
      3.1245
      3.1245
      3.1245
      3.1245
      3.1245
      3.1245
      3.1245
      3.1245
      3.1245
      3.1245
      3.1245
      3.1245
      3.1245
      3.1245
      3.1245
      3.1245
      3.1245
      3.1245
      3.1245
      3.1245
      3.1245
      3.1245
      3.1245
      3.1245
      3.1245
      3.1245
      3.1245
      3.1245
      3.1245
      3.1245
      3.1245
      3.1245
      3.1245
      3.1245
      3.1245
      3.1245
      3.1245
      3.1245
      3.1245
      3.1245
      3.1245
      3.1245
      3.1245
      3.1325
      3.1405
      3.1485
      3.1565
      3.1645
      3.1725
      3.1805
      3.1885
      3.1965
      3.2045
      3.2125
      3.2205
      3.2285
      3.2365
      3.2445
      3.2525
      3.2605
      3.2685
      3.2765
      3.2845
      3.2925
      3.3005
      3.3085
      3.3165
      3.3245
      3.3325
      3.3405
      3.3485
      3.3565
      3.3645
      3.3645
      3.3645
      3.3645
      3.3645
      3.3645
      3.3645
      3.3645
      3.3645
      3.3645
      3.3645
      3.3645
      3.3645
      3.3645
      3.3645
      3.3645
      3.3645
      3.3645
      3.3645
      3.3645
      3.3645
      3.3645
      3.3645
      3.3645
      3.3645
      3.3645
      3.3645
      3.3645
      3.3645
      3.3645
      3.3645
      3.3645
      3.3645
      3.3645
      3.3645
      3.3645
      3.3645
      3.3645
      3.3645
      3.3645
      3.3645
      3.3645
      3.3645
      3.3645
      3.3645
      3.3645
      3.3645
      3.3645
      3.3645
      3.3645
      3.3645
      3.3645
      3.3645
      3.3645
      3.3645
      3.3645
      3.3645
      3.3645
      3.3645
      3.3645
      3.3645
      3.3645
      3.3645
      3.3645
      3.3645
      3.3645
      3.3645
      3.3645
      3.3645
      3.3645
      3.3645
      3.3645
      3.3645
      3.3645
      3.3645
      3.3645
      3.3645
      3.3645
      3.3645
      3.3645
      3.3645
      3.3645
      3.3645
      3.3645
      3.3645
      3.3645
      3.3645
      3.3645
      3.3645
      3.3645
      3.3645
      3.3725
      3.3805
      3.3885
      3.3965
      3.4045
      3.4125
      3.4205
      3.4285
      3.4365
      3.4445
      3.4525
      3.4605
      3.4685
      3.4765
      3.4845
      3.4925
      3.5005
      3.5085
      3.5165
      3.5245
      3.5325
      3.5405
      3.5485
      3.5565
      3.5645
      3.5725
      3.5805
      3.5885
      3.5965
      3.6045
      3.6045
      3.6045
      3.6045
      3.6045
      3.6045
      3.6045
      3.6045
      3.6045
      3.6045
      3.6045
      3.6045
      3.6045
      3.6045
      3.6045
      3.6045
      3.6045
      3.6045
      3.6045
      3.6045
      3.6045
      3.6045
      3.6045
      3.6045
      3.6045
      3.6045
      3.6045
      3.6045
      3.6045
      3.6045
      3.6045
      3.6045
      3.6045
      3.6045
      3.6045
      3.6045
      3.6045
      3.6045
      3.6045
      3.6045
      3.6045
      3.6045
      3.6045
      3.6045
      3.6045
      3.6045
      3.6045
      3.6045
      3.6045
      3.6045
      3.6045
      3.6045
      3.6045
      3.6045
      3.6045
      3.6045
      3.6045
      3.6045
      3.6045
      3.6045
      3.6045
      3.6045
      3.6045
      3.6045
      3.6045
      3.6045
      3.6045
      3.6045
      3.6045
      3.6045
      3.6045
      3.6045
      3.6045
      3.6045
      3.6045
      3.6045
      3.6045
      3.6045
      3.6045
      3.6045
      3.6045
      3.6045
      3.6045
      3.6045
      3.6045
      3.6045
      3.6045
      3.6045
      3.6045
      3.6045
      3.6045
      3.6125
      3.6205
      3.6285
      3.6365
      3.6445
      3.6525
      3.6605
      3.6685
      3.6765
      3.6845
      3.6925
      3.7005
      3.7085
      3.7165
      3.7245
      3.7325
      3.7405
      3.7485
      3.7565
      3.7645
      3.7725
      3.7805
      3.7885
      3.7965
      3.8045
      3.8125
      3.8205
      3.8285
      3.8365
      3.8445
      3.8445
      3.8445
      3.8445
      3.8445
      3.8445
      3.8445
      3.8445
      3.8445
      3.8445
      3.8445
      3.8445
      3.8445
      3.8445
      3.8445
      3.8445
      3.8445
      3.8445
      3.8445
      3.8445
      3.8445
      3.8445
      3.8445
      3.8445
      3.8445
      3.8445
      3.8445
      3.8445
      3.8445
      3.8445
      3.8445
      3.8445
      3.8445
      3.8445
      3.8445
      3.8445
      3.8445
      3.8445
      3.8445
      3.8445
      3.8445
      3.8445
      3.8445
      3.8445
      3.8445
      3.8445
      3.8445
      3.8445
      3.8445
      3.8445
      3.8445
      3.8445
      3.8445
      3.8445
      3.8445
      3.8445
      3.8445
      3.8445
      3.8445
      3.8445
      3.8445
      3.8445
      3.8445
      3.8445
      3.8445
      3.8445
      3.8445
      3.8445
      3.8445
      3.8445
      3.8445
      3.8445
      3.8445
      3.8445
      3.8445
      3.8445
      3.8445
      3.8445
      3.8445
      3.8445
      3.8445
      3.8445
      3.8445
      3.8445
      3.8445
      3.8445
      3.8445
      3.8445
      3.8445
      3.8445
      3.8445
      3.8525
      3.8605
      3.8685
      3.8765
      3.8845
      3.8925
      3.9005
      3.9085
      3.9165
      3.9245
      3.9325
      3.9405
      3.9485
      3.9565
      3.9645
      3.9725
      3.9805
      3.9885
      3.9965
      4.0045
      4.0125
      4.0205
      4.0285
      4.0365
      4.0445
      4.0525
      4.0605
      4.0685
      4.0765
      4.0845
      4.0845
      4.0845
      4.0845
      4.0845
      4.0845
      4.0845
      4.0845
      4.0845
      4.0845
      4.0845
      4.0845
      4.0845
      4.0845
      4.0845
      4.0845
      4.0845
      4.0845
      4.0845
      4.0845
      4.0845
      4.0845
      4.0845
      4.0845
      4.0845
      4.0845
      4.0845
      4.0845
      4.0845
      4.0845
      4.0845
      4.0845
      4.0845
      4.0845
      4.0845
      4.0845
      4.0845
      4.0845
      4.0845
      4.0845
      4.0845
      4.0845
      4.0845
      4.0845
      4.0845
      4.0845
      4.0845
      4.0845
      4.0845
      4.0845
      4.0845
      4.0845
      4.0845
      4.0845
      4.0845
      4.0845
      4.0845
      4.0845
      4.0845
      4.0845
      4.0845
      4.0845
      4.0845
      4.0845
      4.0845
      4.0845
      4.0845
      4.0845
      4.0845
      4.0845
      4.0845
      4.0845
      4.0845
      4.0845
      4.0845
      4.0845
      4.0845
      4.0845
      4.0845
      4.0845
      4.0845
      4.0845
      4.0845
      4.0845
      4.0845
      4.0845
      4.0845
      4.0845
      4.0845
      4.0845
      4.0845
      4.0925
      4.1005
      4.1085
      4.1165
      4.1245
      4.1325
      4.1405
      4.1485
      4.1565
      4.1645
      4.1725
      4.1805
      4.1885
      4.1965
      4.2045
      4.2125
      4.2205
      4.2285
      4.2365
      4.2445
      4.2525
      4.2605
      4.2685
      4.2765
      4.2845
      4.2925
      4.3005
      4.3085
      4.3165
      4.3245
      4.3245
      4.3245
      4.3245
      4.3245
      4.3245
      4.3245
      4.3245
      4.3245
      4.3245
      4.3245
      4.3245
      4.3245
      4.3245
      4.3245
      4.3245
      4.3245
      4.3245
      4.3245
      4.3245
      4.3245
      4.3245
      4.3245
      4.3245
      4.3245
      4.3245
      4.3245
      4.3245
      4.3245
      4.3245
      4.3245
      4.3245
      4.3245
      4.3245
      4.3245
      4.3245
      4.3245
      4.3245
      4.3245
      4.3245
      4.3245
      4.3245
      4.3245
      4.3245
      4.3245
      4.3245
      4.3245
      4.3245
      4.3245
      4.3245
      4.3245
      4.3245
      4.3245
      4.3245
      4.3245
      4.3245
      4.3245
      4.3245
      4.3245
      4.3245
      4.3245
      4.3245
      4.3245
      4.3245
      4.3245
      4.3245
      4.3245
      4.3245
      4.3245
      4.3245
      4.3245
      4.3245
      4.3245
      4.3245
      4.3245
      4.3245
      4.3245
      4.3245
      4.3245
      4.3245
      4.3245
      4.3245
      4.3245
      4.3245
      4.3245
      4.3245
      4.3245
      4.3245
      4.3245
      4.3245
      4.3245
      4.3325
      4.3405
      4.3485
      4.3565
      4.3645
      4.3725
      4.3805
      4.3885
      4.3965
      4.4045
      4.4125
      4.4205
      4.4285
      4.4365
      4.4445
      4.4525
      4.4605
      4.4685
      4.4765
      4.4845
      4.4925
      4.5005
      4.5085
      4.5165
      4.5245
      4.5325
      4.5405
      4.5485
      4.5565
