-1.48694e-06
-1.48694e-06
-1.48694e-06
-1.48694e-06
-1.48694e-06
-1.48694e-06
-1.48694e-06
-1.48694e-06
-1.48694e-06
-1.48694e-06
-1.48694e-06
-1.48694e-06
-1.48694e-06
-1.48694e-06
-1.48694e-06
-1.48694e-06
-1.48694e-06
-1.48694e-06
-1.48694e-06
-1.48694e-06
-1.48694e-06
-1.48694e-06
-1.48694e-06
-1.48694e-06
-1.48694e-06
-1.48694e-06
-1.48694e-06
-1.48694e-06
-1.48694e-06
-1.48694e-06
-1.48694e-06
-1.48694e-06
-1.48694e-06
-1.48694e-06
-1.48694e-06
-1.48694e-06
-1.48694e-06
-1.48694e-06
-1.48694e-06
-1.48694e-06
-1.48694e-06
-1.48694e-06
-1.48694e-06
-1.48694e-06
-1.48694e-06
-1.48694e-06
-1.48694e-06
-1.48694e-06
-1.48694e-06
-1.48694e-06
-1.48694e-06
-1.48694e-06
-1.48694e-06
-1.48694e-06
-1.48694e-06
-1.48694e-06
-1.48694e-06
-1.48694e-06
-1.48694e-06
-1.48694e-06
-1.48694e-06
-1.48694e-06
-1.48694e-06
-1.48694e-06
-1.48694e-06
-1.48694e-06
-1.48694e-06
-1.48694e-06
-1.48694e-06
-1.48694e-06
-1.48694e-06
-1.48694e-06
-1.48694e-06
-1.48694e-06
-1.48694e-06
-1.48694e-06
-1.48694e-06
-1.48694e-06
-1.48694e-06
-1.48694e-06
-1.48694e-06
-1.48694e-06
-1.48694e-06
-1.48694e-06
-1.48694e-06
-1.48694e-06
-1.48694e-06
-1.48694e-06
-1.48694e-06
-1.48694e-06
-1.48694e-06
 -0.00333477
 -0.00666805
  -0.0100013
  -0.0133346
  -0.0166679
  -0.0200012
  -0.0233345
  -0.0266678
   -0.030001
  -0.0333343
  -0.0366676
  -0.0400009
  -0.0433342
  -0.0466675
  -0.0500007
   -0.053334
  -0.0566673
  -0.0600006
  -0.0633339
  -0.0666672
  -0.0700004
  -0.0733337
   -0.076667
  -0.0800003
  -0.0833336
  -0.0866669
  -0.0900001
  -0.0933334
  -0.0966667
        -0.1
        -0.1
        -0.1
        -0.1
        -0.1
        -0.1
        -0.1
        -0.1
        -0.1
        -0.1
        -0.1
        -0.1
        -0.1
        -0.1
        -0.1
        -0.1
        -0.1
        -0.1
        -0.1
        -0.1
        -0.1
        -0.1
        -0.1
        -0.1
        -0.1
        -0.1
        -0.1
        -0.1
        -0.1
        -0.1
        -0.1
        -0.1
        -0.1
        -0.1
        -0.1
        -0.1
        -0.1
        -0.1
        -0.1
        -0.1
        -0.1
        -0.1
        -0.1
        -0.1
        -0.1
        -0.1
        -0.1
        -0.1
        -0.1
        -0.1
        -0.1
        -0.1
        -0.1
        -0.1
        -0.1
        -0.1
        -0.1
        -0.1
        -0.1
        -0.1
        -0.1
        -0.1
        -0.1
        -0.1
        -0.1
        -0.1
        -0.1
        -0.1
        -0.1
        -0.1
        -0.1
        -0.1
        -0.1
        -0.1
        -0.1
        -0.1
        -0.1
        -0.1
        -0.1
        -0.1
        -0.1
        -0.1
        -0.1
        -0.1
        -0.1
        -0.1
        -0.1
        -0.1
        -0.1
        -0.1
        -0.1
  -0.0933333
  -0.0866667
       -0.08
  -0.0733333
  -0.0666667
       -0.06
  -0.0533333
  -0.0466667
       -0.04
  -0.0333333
  -0.0266667
       -0.02
  -0.0133333
 -0.00666667
 6.93889e-17
  0.00666667
   0.0133333
        0.02
   0.0266667
   0.0333333
        0.04
   0.0466667
   0.0533333
        0.06
   0.0666667
   0.0733333
        0.08
   0.0866667
   0.0933333
         0.1
         0.1
         0.1
         0.1
         0.1
         0.1
         0.1
         0.1
         0.1
         0.1
         0.1
         0.1
         0.1
         0.1
         0.1
         0.1
         0.1
         0.1
         0.1
         0.1
         0.1
         0.1
         0.1
         0.1
         0.1
         0.1
         0.1
         0.1
         0.1
         0.1
         0.1
         0.1
         0.1
         0.1
         0.1
         0.1
         0.1
         0.1
         0.1
         0.1
         0.1
         0.1
         0.1
         0.1
         0.1
         0.1
         0.1
         0.1
         0.1
         0.1
         0.1
         0.1
         0.1
         0.1
         0.1
         0.1
         0.1
         0.1
         0.1
         0.1
         0.1
         0.1
         0.1
         0.1
         0.1
         0.1
         0.1
         0.1
         0.1
         0.1
         0.1
         0.1
         0.1
         0.1
         0.1
         0.1
         0.1
         0.1
         0.1
         0.1
         0.1
         0.1
         0.1
         0.1
         0.1
         0.1
         0.1
         0.1
         0.1
         0.1
         0.1
   0.0933333
   0.0866667
        0.08
   0.0733333
   0.0666667
        0.06
   0.0533333
   0.0466667
        0.04
   0.0333333
   0.0266667
        0.02
   0.0133333
  0.00666667
 1.52656e-16
 -0.00666667
  -0.0133333
       -0.02
  -0.0266667
  -0.0333333
       -0.04
  -0.0466667
  -0.0533333
       -0.06
  -0.0666667
  -0.0733333
       -0.08
  -0.0866667
  -0.0933333
        -0.1
        -0.1
        -0.1
        -0.1
        -0.1
        -0.1
        -0.1
        -0.1
        -0.1
        -0.1
        -0.1
        -0.1
        -0.1
        -0.1
        -0.1
        -0.1
        -0.1
        -0.1
        -0.1
        -0.1
        -0.1
        -0.1
        -0.1
        -0.1
        -0.1
        -0.1
        -0.1
        -0.1
        -0.1
        -0.1
        -0.1
        -0.1
        -0.1
        -0.1
        -0.1
        -0.1
        -0.1
        -0.1
        -0.1
        -0.1
        -0.1
        -0.1
        -0.1
        -0.1
        -0.1
        -0.1
        -0.1
        -0.1
        -0.1
        -0.1
        -0.1
        -0.1
        -0.1
        -0.1
        -0.1
        -0.1
        -0.1
        -0.1
        -0.1
        -0.1
        -0.1
        -0.1
        -0.1
        -0.1
        -0.1
        -0.1
        -0.1
        -0.1
        -0.1
        -0.1
        -0.1
        -0.1
        -0.1
        -0.1
        -0.1
        -0.1
        -0.1
        -0.1
        -0.1
        -0.1
        -0.1
        -0.1
        -0.1
        -0.1
        -0.1
        -0.1
        -0.1
        -0.1
        -0.1
        -0.1
        -0.1
  -0.0933333
  -0.0866667
       -0.08
  -0.0733333
  -0.0666667
       -0.06
  -0.0533333
  -0.0466667
       -0.04
  -0.0333333
  -0.0266667
       -0.02
  -0.0133333
 -0.00666667
 2.35922e-16
  0.00666667
   0.0133333
        0.02
   0.0266667
   0.0333333
        0.04
   0.0466667
   0.0533333
        0.06
   0.0666667
   0.0733333
        0.08
   0.0866667
   0.0933333
         0.1
         0.1
         0.1
         0.1
         0.1
         0.1
         0.1
         0.1
         0.1
         0.1
         0.1
         0.1
         0.1
         0.1
         0.1
         0.1
         0.1
         0.1
         0.1
         0.1
         0.1
         0.1
         0.1
         0.1
         0.1
         0.1
         0.1
         0.1
         0.1
         0.1
         0.1
         0.1
         0.1
         0.1
         0.1
         0.1
         0.1
         0.1
         0.1
         0.1
         0.1
         0.1
         0.1
         0.1
         0.1
         0.1
         0.1
         0.1
         0.1
         0.1
         0.1
         0.1
         0.1
         0.1
         0.1
         0.1
         0.1
         0.1
         0.1
         0.1
         0.1
         0.1
         0.1
         0.1
         0.1
         0.1
         0.1
         0.1
         0.1
         0.1
         0.1
         0.1
         0.1
         0.1
         0.1
         0.1
         0.1
         0.1
         0.1
         0.1
         0.1
         0.1
         0.1
         0.1
         0.1
         0.1
         0.1
         0.1
         0.1
         0.1
         0.1
   0.0933333
   0.0866667
        0.08
   0.0733333
   0.0666667
        0.06
   0.0533333
   0.0466667
        0.04
   0.0333333
   0.0266667
        0.02
   0.0133333
  0.00666667
 3.33067e-16
 -0.00666667
  -0.0133333
       -0.02
  -0.0266667
  -0.0333333
       -0.04
  -0.0466667
  -0.0533333
       -0.06
  -0.0666667
  -0.0733333
       -0.08
  -0.0866667
  -0.0933333
        -0.1
        -0.1
        -0.1
        -0.1
        -0.1
        -0.1
        -0.1
        -0.1
        -0.1
        -0.1
        -0.1
        -0.1
        -0.1
        -0.1
        -0.1
        -0.1
        -0.1
        -0.1
        -0.1
        -0.1
        -0.1
        -0.1
        -0.1
        -0.1
        -0.1
        -0.1
        -0.1
        -0.1
        -0.1
        -0.1
        -0.1
        -0.1
        -0.1
        -0.1
        -0.1
        -0.1
        -0.1
        -0.1
        -0.1
        -0.1
        -0.1
        -0.1
        -0.1
        -0.1
        -0.1
        -0.1
        -0.1
        -0.1
        -0.1
        -0.1
        -0.1
        -0.1
        -0.1
        -0.1
        -0.1
        -0.1
        -0.1
        -0.1
        -0.1
        -0.1
        -0.1
        -0.1
        -0.1
        -0.1
        -0.1
        -0.1
        -0.1
        -0.1
        -0.1
        -0.1
        -0.1
        -0.1
        -0.1
        -0.1
        -0.1
        -0.1
        -0.1
        -0.1
        -0.1
        -0.1
        -0.1
        -0.1
        -0.1
        -0.1
        -0.1
        -0.1
        -0.1
        -0.1
        -0.1
        -0.1
        -0.1
  -0.0933333
  -0.0866667
       -0.08
  -0.0733333
  -0.0666667
       -0.06
  -0.0533333
  -0.0466667
       -0.04
  -0.0333333
  -0.0266667
       -0.02
  -0.0133333
 -0.00666667
 4.16334e-16
  0.00666667
   0.0133333
        0.02
   0.0266667
   0.0333333
        0.04
   0.0466667
   0.0533333
        0.06
   0.0666667
   0.0733333
        0.08
   0.0866667
   0.0933333
         0.1
         0.1
         0.1
         0.1
         0.1
         0.1
         0.1
         0.1
         0.1
         0.1
         0.1
         0.1
         0.1
         0.1
         0.1
         0.1
         0.1
         0.1
         0.1
         0.1
         0.1
         0.1
         0.1
         0.1
         0.1
         0.1
         0.1
         0.1
         0.1
         0.1
         0.1
         0.1
         0.1
         0.1
         0.1
         0.1
         0.1
         0.1
         0.1
         0.1
         0.1
         0.1
         0.1
         0.1
         0.1
         0.1
         0.1
         0.1
         0.1
         0.1
         0.1
         0.1
         0.1
         0.1
         0.1
         0.1
         0.1
         0.1
         0.1
         0.1
         0.1
         0.1
         0.1
         0.1
         0.1
         0.1
         0.1
         0.1
         0.1
         0.1
         0.1
         0.1
         0.1
         0.1
         0.1
         0.1
         0.1
         0.1
         0.1
         0.1
         0.1
         0.1
         0.1
         0.1
         0.1
         0.1
         0.1
         0.1
         0.1
         0.1
         0.1
   0.0933333
   0.0866667
        0.08
   0.0733333
   0.0666667
        0.06
   0.0533333
   0.0466667
        0.04
   0.0333333
   0.0266667
        0.02
   0.0133333
  0.00666667
 5.13478e-16
 -0.00666667
  -0.0133333
       -0.02
  -0.0266667
  -0.0333333
       -0.04
  -0.0466667
  -0.0533333
       -0.06
  -0.0666667
  -0.0733333
       -0.08
  -0.0866667
  -0.0933333
        -0.1
        -0.1
        -0.1
        -0.1
        -0.1
        -0.1
        -0.1
        -0.1
        -0.1
        -0.1
        -0.1
        -0.1
        -0.1
        -0.1
        -0.1
        -0.1
        -0.1
        -0.1
        -0.1
        -0.1
        -0.1
        -0.1
        -0.1
        -0.1
        -0.1
        -0.1
        -0.1
        -0.1
        -0.1
        -0.1
        -0.1
        -0.1
        -0.1
        -0.1
        -0.1
        -0.1
        -0.1
        -0.1
        -0.1
        -0.1
        -0.1
        -0.1
        -0.1
        -0.1
        -0.1
        -0.1
        -0.1
        -0.1
        -0.1
        -0.1
        -0.1
        -0.1
        -0.1
        -0.1
        -0.1
        -0.1
        -0.1
        -0.1
        -0.1
        -0.1
        -0.1
        -0.1
        -0.1
        -0.1
        -0.1
        -0.1
        -0.1
        -0.1
        -0.1
        -0.1
        -0.1
        -0.1
        -0.1
        -0.1
        -0.1
        -0.1
        -0.1
        -0.1
        -0.1
        -0.1
        -0.1
        -0.1
        -0.1
        -0.1
        -0.1
        -0.1
        -0.1
        -0.1
        -0.1
        -0.1
        -0.1
  -0.0933333
  -0.0866667
       -0.08
  -0.0733333
  -0.0666667
       -0.06
  -0.0533333
  -0.0466667
       -0.04
  -0.0333333
  -0.0266667
       -0.02
  -0.0133333
 -0.00666667
 5.96745e-16
  0.00666667
   0.0133333
        0.02
   0.0266667
   0.0333333
        0.04
   0.0466667
   0.0533333
        0.06
   0.0666667
   0.0733333
        0.08
   0.0866667
   0.0933333
         0.1
         0.1
         0.1
         0.1
         0.1
         0.1
         0.1
         0.1
         0.1
         0.1
         0.1
         0.1
         0.1
         0.1
         0.1
         0.1
         0.1
         0.1
         0.1
         0.1
         0.1
         0.1
         0.1
         0.1
         0.1
         0.1
         0.1
         0.1
         0.1
         0.1
         0.1
         0.1
         0.1
         0.1
         0.1
         0.1
         0.1
         0.1
         0.1
         0.1
         0.1
         0.1
         0.1
         0.1
         0.1
         0.1
         0.1
         0.1
         0.1
         0.1
         0.1
         0.1
         0.1
         0.1
         0.1
         0.1
         0.1
         0.1
         0.1
         0.1
         0.1
         0.1
         0.1
         0.1
         0.1
         0.1
         0.1
         0.1
         0.1
         0.1
         0.1
         0.1
         0.1
         0.1
         0.1
         0.1
         0.1
         0.1
         0.1
         0.1
         0.1
         0.1
         0.1
         0.1
         0.1
         0.1
         0.1
         0.1
         0.1
         0.1
         0.1
   0.0933333
   0.0866667
        0.08
   0.0733333
   0.0666667
        0.06
   0.0533333
   0.0466667
        0.04
   0.0333333
   0.0266667
        0.02
   0.0133333
  0.00666667
 6.93889e-16
 -0.00666667
  -0.0133333
       -0.02
  -0.0266667
  -0.0333333
       -0.04
  -0.0466667
  -0.0533333
       -0.06
  -0.0666667
  -0.0733333
       -0.08
  -0.0866667
  -0.0933333
        -0.1
        -0.1
        -0.1
        -0.1
        -0.1
        -0.1
        -0.1
        -0.1
        -0.1
        -0.1
        -0.1
        -0.1
        -0.1
        -0.1
        -0.1
        -0.1
        -0.1
        -0.1
        -0.1
        -0.1
        -0.1
        -0.1
        -0.1
        -0.1
        -0.1
        -0.1
        -0.1
        -0.1
        -0.1
        -0.1
        -0.1
        -0.1
        -0.1
        -0.1
        -0.1
        -0.1
        -0.1
        -0.1
        -0.1
        -0.1
        -0.1
        -0.1
        -0.1
        -0.1
        -0.1
        -0.1
        -0.1
        -0.1
        -0.1
        -0.1
        -0.1
        -0.1
        -0.1
        -0.1
        -0.1
        -0.1
        -0.1
        -0.1
        -0.1
        -0.1
        -0.1
        -0.1
        -0.1
        -0.1
        -0.1
        -0.1
        -0.1
        -0.1
        -0.1
        -0.1
        -0.1
        -0.1
        -0.1
        -0.1
        -0.1
        -0.1
        -0.1
        -0.1
        -0.1
        -0.1
        -0.1
        -0.1
        -0.1
        -0.1
        -0.1
        -0.1
        -0.1
        -0.1
        -0.1
        -0.1
        -0.1
  -0.0933333
  -0.0866667
       -0.08
  -0.0733333
  -0.0666667
       -0.06
  -0.0533333
  -0.0466667
       -0.04
  -0.0333333
  -0.0266667
       -0.02
  -0.0133333
 -0.00666667
 7.77156e-16
  0.00666667
   0.0133333
        0.02
   0.0266667
   0.0333333
        0.04
   0.0466667
   0.0533333
        0.06
   0.0666667
   0.0733333
        0.08
   0.0866667
   0.0933333
         0.1
         0.1
         0.1
         0.1
         0.1
         0.1
         0.1
         0.1
         0.1
         0.1
         0.1
         0.1
         0.1
         0.1
         0.1
         0.1
         0.1
         0.1
         0.1
         0.1
         0.1
         0.1
         0.1
         0.1
         0.1
         0.1
         0.1
         0.1
         0.1
         0.1
         0.1
         0.1
         0.1
         0.1
         0.1
         0.1
         0.1
         0.1
         0.1
         0.1
         0.1
         0.1
         0.1
         0.1
         0.1
         0.1
         0.1
         0.1
         0.1
         0.1
         0.1
         0.1
         0.1
         0.1
         0.1
         0.1
         0.1
         0.1
         0.1
         0.1
         0.1
         0.1
         0.1
         0.1
         0.1
         0.1
         0.1
         0.1
         0.1
         0.1
         0.1
         0.1
         0.1
         0.1
         0.1
         0.1
         0.1
         0.1
         0.1
         0.1
         0.1
         0.1
         0.1
         0.1
         0.1
         0.1
         0.1
         0.1
         0.1
         0.1
         0.1
   0.0933333
   0.0866667
        0.08
   0.0733333
   0.0666667
        0.06
   0.0533333
   0.0466667
        0.04
   0.0333333
   0.0266667
        0.02
   0.0133333
  0.00666667
 8.74301e-16
 -0.00666667
  -0.0133333
       -0.02
  -0.0266667
  -0.0333333
       -0.04
  -0.0466667
  -0.0533333
       -0.06
  -0.0666667
  -0.0733333
       -0.08
  -0.0866667
  -0.0933333
        -0.1
        -0.1
        -0.1
        -0.1
        -0.1
        -0.1
        -0.1
        -0.1
        -0.1
        -0.1
        -0.1
        -0.1
        -0.1
        -0.1
        -0.1
        -0.1
        -0.1
        -0.1
        -0.1
        -0.1
        -0.1
        -0.1
        -0.1
        -0.1
        -0.1
        -0.1
        -0.1
        -0.1
        -0.1
        -0.1
        -0.1
        -0.1
        -0.1
        -0.1
        -0.1
        -0.1
        -0.1
        -0.1
        -0.1
        -0.1
        -0.1
        -0.1
        -0.1
        -0.1
        -0.1
        -0.1
        -0.1
        -0.1
        -0.1
        -0.1
        -0.1
        -0.1
        -0.1
        -0.1
        -0.1
        -0.1
        -0.1
        -0.1
        -0.1
        -0.1
        -0.1
        -0.1
        -0.1
        -0.1
        -0.1
        -0.1
        -0.1
        -0.1
        -0.1
        -0.1
        -0.1
        -0.1
        -0.1
        -0.1
        -0.1
        -0.1
        -0.1
        -0.1
        -0.1
        -0.1
        -0.1
        -0.1
        -0.1
        -0.1
        -0.1
        -0.1
        -0.1
        -0.1
        -0.1
        -0.1
        -0.1
  -0.0933333
  -0.0866667
       -0.08
  -0.0733333
  -0.0666667
       -0.06
  -0.0533333
  -0.0466667
       -0.04
  -0.0333333
  -0.0266667
       -0.02
  -0.0133333
 -0.00666667
 9.57567e-16
  0.00666667
   0.0133333
        0.02
   0.0266667
   0.0333333
        0.04
   0.0466667
   0.0533333
        0.06
   0.0666667
   0.0733333
        0.08
   0.0866667
   0.0933333
         0.1
         0.1
         0.1
         0.1
         0.1
         0.1
         0.1
         0.1
         0.1
         0.1
         0.1
         0.1
         0.1
         0.1
         0.1
         0.1
         0.1
         0.1
         0.1
         0.1
         0.1
         0.1
         0.1
         0.1
         0.1
         0.1
         0.1
         0.1
         0.1
         0.1
         0.1
         0.1
         0.1
         0.1
         0.1
         0.1
         0.1
         0.1
         0.1
         0.1
         0.1
         0.1
         0.1
         0.1
         0.1
         0.1
         0.1
         0.1
         0.1
         0.1
         0.1
         0.1
         0.1
         0.1
         0.1
         0.1
         0.1
         0.1
         0.1
         0.1
         0.1
         0.1
         0.1
         0.1
         0.1
         0.1
         0.1
         0.1
         0.1
         0.1
         0.1
         0.1
         0.1
         0.1
         0.1
         0.1
         0.1
         0.1
         0.1
         0.1
         0.1
         0.1
         0.1
         0.1
         0.1
         0.1
         0.1
         0.1
         0.1
         0.1
         0.1
   0.0933333
   0.0866667
        0.08
   0.0733333
   0.0666667
        0.06
   0.0533333
   0.0466667
        0.04
   0.0333333
   0.0266667
        0.02
   0.0133333
  0.00666667
 1.05471e-15
 -0.00666667
  -0.0133333
       -0.02
  -0.0266667
  -0.0333333
       -0.04
  -0.0466667
  -0.0533333
       -0.06
  -0.0666667
  -0.0733333
       -0.08
  -0.0866667
  -0.0933333
        -0.1
        -0.1
        -0.1
        -0.1
        -0.1
        -0.1
        -0.1
        -0.1
        -0.1
        -0.1
        -0.1
        -0.1
        -0.1
        -0.1
        -0.1
        -0.1
        -0.1
        -0.1
        -0.1
        -0.1
        -0.1
        -0.1
        -0.1
        -0.1
        -0.1
        -0.1
        -0.1
        -0.1
        -0.1
        -0.1
        -0.1
        -0.1
        -0.1
        -0.1
        -0.1
        -0.1
        -0.1
        -0.1
        -0.1
        -0.1
        -0.1
        -0.1
        -0.1
        -0.1
        -0.1
        -0.1
        -0.1
        -0.1
        -0.1
        -0.1
        -0.1
        -0.1
        -0.1
        -0.1
        -0.1
        -0.1
        -0.1
        -0.1
        -0.1
        -0.1
        -0.1
        -0.1
        -0.1
        -0.1
        -0.1
        -0.1
        -0.1
        -0.1
        -0.1
        -0.1
        -0.1
        -0.1
        -0.1
        -0.1
        -0.1
        -0.1
        -0.1
        -0.1
        -0.1
        -0.1
        -0.1
        -0.1
        -0.1
        -0.1
        -0.1
        -0.1
        -0.1
        -0.1
        -0.1
        -0.1
        -0.1
  -0.0933333
  -0.0866667
       -0.08
  -0.0733333
  -0.0666667
       -0.06
  -0.0533333
  -0.0466667
       -0.04
  -0.0333333
  -0.0266667
       -0.02
  -0.0133333
 -0.00666667
 1.13798e-15
  0.00666667
   0.0133333
        0.02
   0.0266667
   0.0333333
        0.04
   0.0466667
   0.0533333
        0.06
   0.0666667
   0.0733333
        0.08
   0.0866667
   0.0933333
         0.1
         0.1
         0.1
         0.1
         0.1
         0.1
         0.1
         0.1
         0.1
         0.1
         0.1
         0.1
         0.1
         0.1
         0.1
         0.1
         0.1
         0.1
         0.1
         0.1
         0.1
         0.1
         0.1
         0.1
         0.1
         0.1
         0.1
         0.1
         0.1
         0.1
         0.1
         0.1
         0.1
         0.1
         0.1
         0.1
         0.1
         0.1
         0.1
         0.1
         0.1
         0.1
         0.1
         0.1
         0.1
         0.1
         0.1
         0.1
         0.1
         0.1
         0.1
         0.1
         0.1
         0.1
         0.1
         0.1
         0.1
         0.1
         0.1
         0.1
         0.1
         0.1
         0.1
         0.1
         0.1
         0.1
         0.1
         0.1
         0.1
         0.1
         0.1
         0.1
         0.1
         0.1
         0.1
         0.1
         0.1
         0.1
         0.1
         0.1
         0.1
         0.1
         0.1
         0.1
         0.1
         0.1
         0.1
         0.1
         0.1
         0.1
         0.1
   0.0933333
   0.0866667
        0.08
   0.0733333
   0.0666667
        0.06
   0.0533333
   0.0466667
        0.04
   0.0333333
   0.0266667
        0.02
   0.0133333
  0.00666667
 1.22125e-15
 -0.00666667
  -0.0133333
       -0.02
  -0.0266667
  -0.0333333
       -0.04
  -0.0466667
  -0.0533333
       -0.06
  -0.0666667
  -0.0733333
       -0.08
  -0.0866667
  -0.0933333
        -0.1
        -0.1
        -0.1
        -0.1
        -0.1
        -0.1
        -0.1
        -0.1
        -0.1
        -0.1
        -0.1
        -0.1
        -0.1
        -0.1
        -0.1
        -0.1
        -0.1
        -0.1
        -0.1
        -0.1
        -0.1
        -0.1
        -0.1
        -0.1
        -0.1
        -0.1
        -0.1
        -0.1
        -0.1
        -0.1
        -0.1
        -0.1
        -0.1
        -0.1
        -0.1
        -0.1
        -0.1
        -0.1
        -0.1
        -0.1
        -0.1
        -0.1
        -0.1
        -0.1
        -0.1
        -0.1
        -0.1
        -0.1
        -0.1
        -0.1
        -0.1
        -0.1
        -0.1
        -0.1
        -0.1
        -0.1
        -0.1
        -0.1
        -0.1
        -0.1
        -0.1
        -0.1
        -0.1
        -0.1
        -0.1
        -0.1
        -0.1
        -0.1
        -0.1
        -0.1
        -0.1
        -0.1
        -0.1
        -0.1
        -0.1
        -0.1
        -0.1
        -0.1
        -0.1
        -0.1
        -0.1
        -0.1
        -0.1
        -0.1
        -0.1
        -0.1
        -0.1
        -0.1
        -0.1
        -0.1
        -0.1
  -0.0933333
  -0.0866667
       -0.08
  -0.0733333
  -0.0666667
       -0.06
  -0.0533333
  -0.0466667
       -0.04
  -0.0333333
  -0.0266667
       -0.02
  -0.0133333
 -0.00666667
 1.31839e-15
  0.00666667
   0.0133333
        0.02
   0.0266667
   0.0333333
        0.04
   0.0466667
   0.0533333
        0.06
   0.0666667
   0.0733333
        0.08
   0.0866667
   0.0933333
         0.1
         0.1
         0.1
         0.1
         0.1
         0.1
         0.1
         0.1
         0.1
         0.1
         0.1
         0.1
         0.1
         0.1
         0.1
         0.1
         0.1
         0.1
         0.1
         0.1
         0.1
         0.1
         0.1
         0.1
         0.1
         0.1
         0.1
         0.1
         0.1
         0.1
         0.1
         0.1
         0.1
         0.1
         0.1
         0.1
         0.1
         0.1
         0.1
         0.1
         0.1
         0.1
         0.1
         0.1
         0.1
         0.1
         0.1
         0.1
         0.1
         0.1
         0.1
         0.1
         0.1
         0.1
         0.1
         0.1
         0.1
         0.1
         0.1
         0.1
         0.1
         0.1
         0.1
         0.1
         0.1
         0.1
         0.1
         0.1
         0.1
         0.1
         0.1
         0.1
         0.1
         0.1
         0.1
         0.1
         0.1
         0.1
         0.1
         0.1
         0.1
         0.1
         0.1
         0.1
         0.1
         0.1
         0.1
         0.1
         0.1
         0.1
         0.1
   0.0933333
   0.0866667
        0.08
   0.0733333
   0.0666667
        0.06
   0.0533333
   0.0466667
        0.04
   0.0333333
   0.0266667
        0.02
   0.0133333
  0.00666667
 1.40166e-15
 -0.00666667
  -0.0133333
       -0.02
  -0.0266667
  -0.0333333
       -0.04
  -0.0466667
  -0.0533333
       -0.06
  -0.0666667
  -0.0733333
       -0.08
  -0.0866667
  -0.0933333
        -0.1
        -0.1
        -0.1
        -0.1
        -0.1
        -0.1
        -0.1
        -0.1
        -0.1
        -0.1
        -0.1
        -0.1
        -0.1
        -0.1
        -0.1
        -0.1
        -0.1
        -0.1
        -0.1
        -0.1
        -0.1
        -0.1
        -0.1
        -0.1
        -0.1
        -0.1
        -0.1
        -0.1
        -0.1
        -0.1
        -0.1
        -0.1
        -0.1
        -0.1
        -0.1
        -0.1
        -0.1
        -0.1
        -0.1
        -0.1
        -0.1
        -0.1
        -0.1
        -0.1
        -0.1
        -0.1
        -0.1
        -0.1
        -0.1
        -0.1
        -0.1
        -0.1
        -0.1
        -0.1
        -0.1
        -0.1
        -0.1
        -0.1
        -0.1
        -0.1
        -0.1
        -0.1
        -0.1
        -0.1
        -0.1
        -0.1
        -0.1
        -0.1
        -0.1
        -0.1
        -0.1
        -0.1
        -0.1
        -0.1
        -0.1
        -0.1
        -0.1
        -0.1
        -0.1
        -0.1
        -0.1
        -0.1
        -0.1
        -0.1
        -0.1
        -0.1
        -0.1
        -0.1
        -0.1
        -0.1
        -0.1
  -0.0933333
  -0.0866667
       -0.08
  -0.0733333
  -0.0666667
       -0.06
  -0.0533333
  -0.0466667
       -0.04
  -0.0333333
  -0.0266667
       -0.02
  -0.0133333
 -0.00666667
  1.4988e-15
  0.00666667
   0.0133333
        0.02
   0.0266667
   0.0333333
        0.04
   0.0466667
   0.0533333
        0.06
   0.0666667
   0.0733333
        0.08
   0.0866667
   0.0933333
         0.1
         0.1
         0.1
         0.1
         0.1
         0.1
         0.1
         0.1
         0.1
         0.1
         0.1
         0.1
         0.1
         0.1
         0.1
         0.1
         0.1
         0.1
         0.1
         0.1
         0.1
         0.1
         0.1
         0.1
         0.1
         0.1
         0.1
         0.1
         0.1
         0.1
         0.1
         0.1
         0.1
         0.1
         0.1
         0.1
         0.1
         0.1
         0.1
         0.1
         0.1
         0.1
         0.1
         0.1
         0.1
         0.1
         0.1
         0.1
         0.1
         0.1
         0.1
         0.1
         0.1
         0.1
         0.1
         0.1
         0.1
         0.1
         0.1
         0.1
         0.1
         0.1
         0.1
         0.1
         0.1
         0.1
         0.1
         0.1
         0.1
         0.1
         0.1
         0.1
         0.1
         0.1
         0.1
         0.1
         0.1
         0.1
         0.1
         0.1
         0.1
         0.1
         0.1
         0.1
         0.1
         0.1
         0.1
         0.1
         0.1
         0.1
         0.1
   0.0933333
   0.0866667
        0.08
   0.0733333
   0.0666667
        0.06
   0.0533333
   0.0466667
        0.04
   0.0333333
   0.0266667
        0.02
   0.0133333
  0.00666667
 1.58207e-15
 -0.00666667
  -0.0133333
       -0.02
  -0.0266667
  -0.0333333
       -0.04
  -0.0466667
  -0.0533333
       -0.06
  -0.0666667
  -0.0733333
       -0.08
  -0.0866667
  -0.0933333
        -0.1
        -0.1
        -0.1
        -0.1
        -0.1
        -0.1
        -0.1
        -0.1
        -0.1
        -0.1
        -0.1
        -0.1
        -0.1
        -0.1
        -0.1
        -0.1
        -0.1
        -0.1
        -0.1
        -0.1
        -0.1
        -0.1
        -0.1
        -0.1
        -0.1
        -0.1
        -0.1
        -0.1
        -0.1
        -0.1
        -0.1
        -0.1
        -0.1
        -0.1
        -0.1
        -0.1
        -0.1
        -0.1
        -0.1
        -0.1
        -0.1
        -0.1
        -0.1
        -0.1
        -0.1
        -0.1
        -0.1
        -0.1
        -0.1
        -0.1
        -0.1
        -0.1
        -0.1
        -0.1
        -0.1
        -0.1
        -0.1
        -0.1
        -0.1
        -0.1
        -0.1
        -0.1
        -0.1
        -0.1
        -0.1
        -0.1
        -0.1
        -0.1
        -0.1
        -0.1
        -0.1
        -0.1
        -0.1
        -0.1
        -0.1
        -0.1
        -0.1
        -0.1
        -0.1
        -0.1
        -0.1
        -0.1
        -0.1
        -0.1
        -0.1
        -0.1
        -0.1
        -0.1
        -0.1
        -0.1
        -0.1
  -0.0933333
  -0.0866667
       -0.08
  -0.0733333
  -0.0666667
       -0.06
  -0.0533333
  -0.0466667
       -0.04
  -0.0333333
  -0.0266667
       -0.02
  -0.0133333
 -0.00666667
 1.67921e-15
  0.00666667
   0.0133333
        0.02
   0.0266667
   0.0333333
        0.04
   0.0466667
   0.0533333
        0.06
   0.0666667
   0.0733333
        0.08
   0.0866667
   0.0933333
